
DETEnergyDetector = [
    1    1    1    1    1    1    1    1    1    1  9.41901E-08 0.54238 
    2    2    1    1    1    1    1    1    1    1  4.25070E-08 1.00000 
    3    3    1    1    1    1    1    1    1    1  5.39878E-08 0.57159 
    4    4    1    1    1    1    1    1    1    1  1.85086E-08 1.00000 
    5    5    1    1    1    1    1    1    1    1  1.82888E-08 1.00000 
    6    6    1    1    1    1    1    1    1    1  0.00000E+00 0.00000 
    7    7    1    1    1    1    1    1    1    1  6.21120E-08 0.57158 
    8    8    1    1    1    1    1    1    1    1  8.34195E-08 0.49247 
    9    9    1    1    1    1    1    1    1    1  4.28169E-08 0.70353 
   10   10    1    1    1    1    1    1    1    1  1.33580E-07 0.39791 
   11   11    1    1    1    1    1    1    1    1  1.15643E-07 0.43812 
   12   12    1    1    1    1    1    1    1    1  1.42672E-07 0.39786 
   13   13    1    1    1    1    1    1    1    1  2.20500E-07 0.31971 
   14   14    1    1    1    1    1    1    1    1  1.23366E-07 0.43820 
   15   15    1    1    1    1    1    1    1    1  2.58908E-07 0.30161 
   16   16    1    1    1    1    1    1    1    1  1.86471E-07 0.36640 
   17   17    1    1    1    1    1    1    1    1  3.32263E-07 0.27222 
   18   18    1    1    1    1    1    1    1    1  2.82934E-07 0.30158 
   19   19    1    1    1    1    1    1    1    1  4.30838E-07 0.25594 
   20   20    1    1    1    1    1    1    1    1  5.31659E-07 0.22858 
   21   21    1    1    1    1    1    1    1    1  7.37556E-07 0.20684 
   22   22    1    1    1    1    1    1    1    1  1.46931E-06 0.13972 
   23   23    1    1    1    1    1    1    1    1  9.67740E-07 0.16077 
   24   24    1    1    1    1    1    1    1    1  1.15238E-06 0.18802 
   25   25    1    1    1    1    1    1    1    1  1.08795E-06 0.17711 
   26   26    1    1    1    1    1    1    1    1  1.31280E-06 0.19637 
   27   27    1    1    1    1    1    1    1    1  1.47086E-06 0.14737 
   28   28    1    1    1    1    1    1    1    1  2.33046E-06 0.12063 
   29   29    1    1    1    1    1    1    1    1  1.90425E-06 0.13138 
   30   30    1    1    1    1    1    1    1    1  2.46216E-06 0.12732 
   31   31    1    1    1    1    1    1    1    1  2.79899E-06 0.10213 
   32   32    1    1    1    1    1    1    1    1  2.78949E-06 0.12173 
   33   33    1    1    1    1    1    1    1    1  2.75713E-06 0.12144 
   34   34    1    1    1    1    1    1    1    1  2.81550E-06 0.12455 
   35   35    1    1    1    1    1    1    1    1  3.23712E-06 0.12664 
   36   36    1    1    1    1    1    1    1    1  3.72497E-06 0.11305 
   37   37    1    1    1    1    1    1    1    1  5.12087E-06 0.09342 
   38   38    1    1    1    1    1    1    1    1  4.11425E-06 0.10519 
   39   39    1    1    1    1    1    1    1    1  5.49427E-06 0.09696 
   40   40    1    1    1    1    1    1    1    1  6.21089E-06 0.08336 
   41   41    1    1    1    1    1    1    1    1  6.97786E-06 0.08915 
   42   42    1    1    1    1    1    1    1    1  8.79481E-06 0.08617 
   43   43    1    1    1    1    1    1    1    1  1.39456E-05 0.06062 
   44   44    1    1    1    1    1    1    1    1  1.31143E-05 0.06444 
   45   45    1    1    1    1    1    1    1    1  1.45260E-05 0.06381 
   46   46    1    1    1    1    1    1    1    1  1.79870E-05 0.05897 
   47   47    1    1    1    1    1    1    1    1  2.17954E-05 0.04582 
   48   48    1    1    1    1    1    1    1    1  1.98272E-05 0.05663 
   49   49    1    1    1    1    1    1    1    1  2.28234E-05 0.05319 
   50   50    1    1    1    1    1    1    1    1  2.50898E-05 0.04875 
   51   51    1    1    1    1    1    1    1    1  3.00476E-05 0.04412 
   52   52    1    1    1    1    1    1    1    1  3.48393E-05 0.08390 
   53   53    1    1    1    1    1    1    1    1  3.20583E-05 0.05466 
   54   54    1    1    1    1    1    1    1    1  3.63636E-05 0.08302 
   55   55    1    1    1    1    1    1    1    1  4.49341E-05 0.07219 
   56   56    1    1    1    1    1    1    1    1  5.30533E-05 0.07904 
   57   57    1    1    1    1    1    1    1    1  6.76594E-05 0.03479 
   58   58    1    1    1    1    1    1    1    1  6.97137E-05 0.03533 
   59   59    1    1    1    1    1    1    1    1  7.23758E-05 0.03842 
   60   60    1    1    1    1    1    1    1    1  8.20787E-05 0.03677 
   61   61    1    1    1    1    1    1    1    1  9.60722E-05 0.04447 
   62   62    1    1    1    1    1    1    1    1  1.00832E-04 0.02914 
   63   63    1    1    1    1    1    1    1    1  1.17182E-04 0.04132 
   64   64    1    1    1    1    1    1    1    1  1.24628E-04 0.02429 
   65   65    1    1    1    1    1    1    1    1  1.68430E-04 0.03075 
   66   66    1    1    1    1    1    1    1    1  1.82275E-04 0.02423 
   67   67    1    1    1    1    1    1    1    1  1.98035E-04 0.02750 
   68   68    1    1    1    1    1    1    1    1  2.14434E-04 0.02771 
   69   69    1    1    1    1    1    1    1    1  2.49478E-04 0.02036 
   70   70    1    1    1    1    1    1    1    1  2.71689E-04 0.02547 
   71   71    1    1    1    1    1    1    1    1  3.11324E-04 0.02925 
   72   72    1    1    1    1    1    1    1    1  3.59075E-04 0.02230 
   73   73    1    1    1    1    1    1    1    1  3.96059E-04 0.01980 
   74   74    1    1    1    1    1    1    1    1  4.47080E-04 0.02472 
   75   75    1    1    1    1    1    1    1    1  5.10991E-04 0.02472 
   76   76    1    1    1    1    1    1    1    1  5.66080E-04 0.01620 
   77   77    1    1    1    1    1    1    1    1  6.34636E-04 0.01919 
   78   78    1    1    1    1    1    1    1    1  7.80170E-04 0.01533 
   79   79    1    1    1    1    1    1    1    1  8.45017E-04 0.01713 
   80   80    1    1    1    1    1    1    1    1  9.13309E-04 0.01957 
   81   81    1    1    1    1    1    1    1    1  2.57780E-03 0.00918 
   82   82    1    1    1    1    1    1    1    1  2.05917E-03 0.00985 
   83   83    1    1    1    1    1    1    1    1  2.03931E-03 0.01018 
   84   84    1    1    1    1    1    1    1    1  2.21110E-03 0.01155 
   85   85    1    1    1    1    1    1    1    1  2.45014E-03 0.01017 
   86   86    1    1    1    1    1    1    1    1  2.60089E-03 0.00972 
   87   87    1    1    1    1    1    1    1    1  2.92641E-03 0.01001 
   88   88    1    1    1    1    1    1    1    1  3.31193E-03 0.00955 
   89   89    1    1    1    1    1    1    1    1  3.41128E-03 0.00945 
   90   90    1    1    1    1    1    1    1    1  3.70843E-03 0.00799 
   91   91    1    1    1    1    1    1    1    1  4.48767E-03 0.00793 
   92   92    1    1    1    1    1    1    1    1  3.66813E-03 0.01045 
   93   93    1    1    1    1    1    1    1    1  4.12008E-03 0.00907 
   94   94    1    1    1    1    1    1    1    1  4.51656E-03 0.00843 
   95   95    1    1    1    1    1    1    1    1  5.07862E-03 0.00888 
   96   96    1    1    1    1    1    1    1    1  5.66136E-03 0.00718 
   97   97    1    1    1    1    1    1    1    1  6.44470E-03 0.00622 
   98   98    1    1    1    1    1    1    1    1  7.02005E-03 0.00521 
   99   99    1    1    1    1    1    1    1    1  7.86212E-03 0.00683 
  100  100    1    1    1    1    1    1    1    1  8.85769E-03 0.00578 
  101  101    1    1    1    1    1    1    1    1  1.00263E-02 0.00656 
  102  102    1    1    1    1    1    1    1    1  1.33803E-02 0.00494 
  103  103    1    1    1    1    1    1    1    1  2.07663E-02 0.00408 
  104  104    1    1    1    1    1    1    1    1  1.89493E-02 0.00457 
  105  105    1    1    1    1    1    1    1    1  2.01248E-02 0.00389 
  106  106    1    1    1    1    1    1    1    1  2.16028E-02 0.00425 
  107  107    1    1    1    1    1    1    1    1  2.41972E-02 0.00425 
  108  108    1    1    1    1    1    1    1    1  2.69331E-02 0.00368 
  109  109    1    1    1    1    1    1    1    1  3.05221E-02 0.00397 
