
DETEnergyDetector = [
    1    1    1    1    1    1    1    1    1    1  1.35071E-07 0.38722 
    2    2    1    1    1    1    1    1    1    1  1.46442E-08 1.00000 
    3    3    1    1    1    1    1    1    1    1  5.39462E-08 0.57151 
    4    4    1    1    1    1    1    1    1    1  7.17944E-08 0.49426 
    5    5    1    1    1    1    1    1    1    1  0.00000E+00 0.00000 
    6    6    1    1    1    1    1    1    1    1  7.74729E-08 0.49240 
    7    7    1    1    1    1    1    1    1    1  1.99126E-08 1.00000 
    8    8    1    1    1    1    1    1    1    1  1.02898E-07 0.43814 
    9    9    1    1    1    1    1    1    1    1  6.41068E-08 0.57153 
   10   10    1    1    1    1    1    1    1    1  1.10919E-07 0.43812 
   11   11    1    1    1    1    1    1    1    1  1.15182E-07 0.43815 
   12   12    1    1    1    1    1    1    1    1  1.42969E-07 0.39783 
   13   13    1    1    1    1    1    1    1    1  1.42596E-07 0.39787 
   14   14    1    1    1    1    1    1    1    1  1.01003E-07 0.49238 
   15   15    1    1    1    1    1    1    1    1  2.98236E-07 0.29825 
   16   16    1    1    1    1    1    1    1    1  2.37788E-07 0.31970 
   17   17    1    1    1    1    1    1    1    1  4.32379E-07 0.24732 
   18   18    1    1    1    1    1    1    1    1  1.98915E-07 0.36642 
   19   19    1    1    1    1    1    1    1    1  2.26695E-07 0.34165 
   20   20    1    1    1    1    1    1    1    1  4.10361E-07 0.26846 
   21   21    1    1    1    1    1    1    1    1  5.82676E-07 0.23216 
   22   22    1    1    1    1    1    1    1    1  1.34867E-06 0.16288 
   23   23    1    1    1    1    1    1    1    1  1.32057E-06 0.16282 
   24   24    1    1    1    1    1    1    1    1  1.21287E-06 0.14230 
   25   25    1    1    1    1    1    1    1    1  1.35632E-06 0.16731 
   26   26    1    1    1    1    1    1    1    1  1.21831E-06 0.17925 
   27   27    1    1    1    1    1    1    1    1  1.66091E-06 0.14990 
   28   28    1    1    1    1    1    1    1    1  1.76786E-06 0.17250 
   29   29    1    1    1    1    1    1    1    1  2.06879E-06 0.14441 
   30   30    1    1    1    1    1    1    1    1  1.73664E-06 0.14242 
   31   31    1    1    1    1    1    1    1    1  2.06186E-06 0.14554 
   32   32    1    1    1    1    1    1    1    1  2.62643E-06 0.14617 
   33   33    1    1    1    1    1    1    1    1  2.26240E-06 0.14802 
   34   34    1    1    1    1    1    1    1    1  3.34435E-06 0.11532 
   35   35    1    1    1    1    1    1    1    1  3.14868E-06 0.09924 
   36   36    1    1    1    1    1    1    1    1  3.88891E-06 0.11508 
   37   37    1    1    1    1    1    1    1    1  3.45071E-06 0.10582 
   38   38    1    1    1    1    1    1    1    1  4.77623E-06 0.09117 
   39   39    1    1    1    1    1    1    1    1  5.41802E-06 0.09173 
   40   40    1    1    1    1    1    1    1    1  6.23580E-06 0.09410 
   41   41    1    1    1    1    1    1    1    1  8.07437E-06 0.08813 
   42   42    1    1    1    1    1    1    1    1  8.54771E-06 0.08087 
   43   43    1    1    1    1    1    1    1    1  1.48308E-05 0.05533 
   44   44    1    1    1    1    1    1    1    1  1.13347E-05 0.06481 
   45   45    1    1    1    1    1    1    1    1  1.36375E-05 0.06739 
   46   46    1    1    1    1    1    1    1    1  1.93408E-05 0.05953 
   47   47    1    1    1    1    1    1    1    1  2.18071E-05 0.11111 
   48   48    1    1    1    1    1    1    1    1  2.34345E-05 0.09745 
   49   49    1    1    1    1    1    1    1    1  2.46136E-05 0.10407 
   50   50    1    1    1    1    1    1    1    1  2.89651E-05 0.05333 
   51   51    1    1    1    1    1    1    1    1  3.05950E-05 0.09606 
   52   52    1    1    1    1    1    1    1    1  3.47870E-05 0.04128 
   53   53    1    1    1    1    1    1    1    1  3.54172E-05 0.04762 
   54   54    1    1    1    1    1    1    1    1  3.59214E-05 0.04597 
   55   55    1    1    1    1    1    1    1    1  4.70466E-05 0.06980 
   56   56    1    1    1    1    1    1    1    1  4.65515E-05 0.04376 
   57   57    1    1    1    1    1    1    1    1  7.05589E-05 0.05162 
   58   58    1    1    1    1    1    1    1    1  7.06312E-05 0.03155 
   59   59    1    1    1    1    1    1    1    1  7.46917E-05 0.03048 
   60   60    1    1    1    1    1    1    1    1  7.87351E-05 0.03363 
   61   61    1    1    1    1    1    1    1    1  8.80169E-05 0.02954 
   62   62    1    1    1    1    1    1    1    1  9.74419E-05 0.03090 
   63   63    1    1    1    1    1    1    1    1  1.16675E-04 0.02825 
   64   64    1    1    1    1    1    1    1    1  1.22717E-04 0.02773 
   65   65    1    1    1    1    1    1    1    1  1.69720E-04 0.03076 
   66   66    1    1    1    1    1    1    1    1  1.91743E-04 0.02991 
   67   67    1    1    1    1    1    1    1    1  1.81182E-04 0.02353 
   68   68    1    1    1    1    1    1    1    1  1.98284E-04 0.02393 
   69   69    1    1    1    1    1    1    1    1  2.61230E-04 0.03255 
   70   70    1    1    1    1    1    1    1    1  2.78936E-04 0.02637 
   71   71    1    1    1    1    1    1    1    1  3.05814E-04 0.01897 
   72   72    1    1    1    1    1    1    1    1  3.63104E-04 0.02046 
   73   73    1    1    1    1    1    1    1    1  4.05416E-04 0.02543 
   74   74    1    1    1    1    1    1    1    1  4.47705E-04 0.02078 
   75   75    1    1    1    1    1    1    1    1  5.07395E-04 0.01930 
   76   76    1    1    1    1    1    1    1    1  5.74118E-04 0.01816 
   77   77    1    1    1    1    1    1    1    1  6.17389E-04 0.02011 
   78   78    1    1    1    1    1    1    1    1  8.12309E-04 0.01848 
   79   79    1    1    1    1    1    1    1    1  8.43895E-04 0.01807 
   80   80    1    1    1    1    1    1    1    1  9.21860E-04 0.01398 
   81   81    1    1    1    1    1    1    1    1  2.50843E-03 0.00852 
   82   82    1    1    1    1    1    1    1    1  2.08473E-03 0.01291 
   83   83    1    1    1    1    1    1    1    1  2.09681E-03 0.01272 
   84   84    1    1    1    1    1    1    1    1  2.17475E-03 0.01163 
   85   85    1    1    1    1    1    1    1    1  2.40421E-03 0.00910 
   86   86    1    1    1    1    1    1    1    1  2.64053E-03 0.00927 
   87   87    1    1    1    1    1    1    1    1  2.87475E-03 0.00881 
   88   88    1    1    1    1    1    1    1    1  3.30427E-03 0.00860 
   89   89    1    1    1    1    1    1    1    1  3.44758E-03 0.01027 
   90   90    1    1    1    1    1    1    1    1  3.69284E-03 0.00863 
   91   91    1    1    1    1    1    1    1    1  4.49821E-03 0.00889 
   92   92    1    1    1    1    1    1    1    1  3.65536E-03 0.01004 
   93   93    1    1    1    1    1    1    1    1  4.18019E-03 0.01092 
   94   94    1    1    1    1    1    1    1    1  4.45030E-03 0.00907 
   95   95    1    1    1    1    1    1    1    1  5.14257E-03 0.00830 
   96   96    1    1    1    1    1    1    1    1  5.65760E-03 0.00781 
   97   97    1    1    1    1    1    1    1    1  6.39788E-03 0.00726 
   98   98    1    1    1    1    1    1    1    1  7.06000E-03 0.00733 
   99   99    1    1    1    1    1    1    1    1  7.88828E-03 0.00767 
  100  100    1    1    1    1    1    1    1    1  8.98839E-03 0.00572 
  101  101    1    1    1    1    1    1    1    1  9.99229E-03 0.00592 
  102  102    1    1    1    1    1    1    1    1  1.34149E-02 0.00604 
  103  103    1    1    1    1    1    1    1    1  2.09151E-02 0.00447 
  104  104    1    1    1    1    1    1    1    1  1.90529E-02 0.00436 
  105  105    1    1    1    1    1    1    1    1  2.00212E-02 0.00460 
  106  106    1    1    1    1    1    1    1    1  2.16249E-02 0.00404 
  107  107    1    1    1    1    1    1    1    1  2.41700E-02 0.00457 
  108  108    1    1    1    1    1    1    1    1  2.68127E-02 0.00385 
  109  109    1    1    1    1    1    1    1    1  3.03827E-02 0.00416 
