
DETEnergyDetector = [
    1    1    1    1    1    1    1    1    1    1  1.04019E-07 0.39789 
    2    2    1    1    1    1    1    1    1    1  1.74854E-08 1.00000 
    3    3    1    1    1    1    1    1    1    1  1.08306E-07 0.39787 
    4    4    1    1    1    1    1    1    1    1  3.69627E-08 0.70358 
    5    5    1    1    1    1    1    1    1    1  3.80146E-08 0.70378 
    6    6    1    1    1    1    1    1    1    1  1.97220E-08 1.00000 
    7    7    1    1    1    1    1    1    1    1  2.05033E-08 1.00000 
    8    8    1    1    1    1    1    1    1    1  4.23443E-08 0.70353 
    9    9    1    1    1    1    1    1    1    1  6.56883E-08 0.57159 
   10   10    1    1    1    1    1    1    1    1  1.33260E-07 0.46150 
   11   11    1    1    1    1    1    1    1    1  1.40253E-07 0.39786 
   12   12    1    1    1    1    1    1    1    1  1.43725E-07 0.46421 
   13   13    1    1    1    1    1    1    1    1  1.70630E-07 0.36642 
   14   14    1    1    1    1    1    1    1    1  1.25661E-07 0.43816 
   15   15    1    1    1    1    1    1    1    1  2.81892E-07 0.28591 
   16   16    1    1    1    1    1    1    1    1  3.21050E-07 0.32016 
   17   17    1    1    1    1    1    1    1    1  3.85492E-07 0.26958 
   18   18    1    1    1    1    1    1    1    1  4.19262E-07 0.23932 
   19   19    1    1    1    1    1    1    1    1  4.89983E-07 0.23722 
   20   20    1    1    1    1    1    1    1    1  4.82854E-07 0.25466 
   21   21    1    1    1    1    1    1    1    1  9.08528E-07 0.17394 
   22   22    1    1    1    1    1    1    1    1  1.28211E-06 0.15144 
   23   23    1    1    1    1    1    1    1    1  1.22837E-06 0.13921 
   24   24    1    1    1    1    1    1    1    1  1.09099E-06 0.17916 
   25   25    1    1    1    1    1    1    1    1  1.18593E-06 0.16421 
   26   26    1    1    1    1    1    1    1    1  1.24461E-06 0.16931 
   27   27    1    1    1    1    1    1    1    1  1.70850E-06 0.13440 
   28   28    1    1    1    1    1    1    1    1  3.01319E-06 0.43895 
   29   29    1    1    1    1    1    1    1    1  1.90770E-06 0.14613 
   30   30    1    1    1    1    1    1    1    1  2.02839E-06 0.12885 
   31   31    1    1    1    1    1    1    1    1  2.40105E-06 0.12821 
   32   32    1    1    1    1    1    1    1    1  2.11188E-06 0.14567 
   33   33    1    1    1    1    1    1    1    1  2.19693E-06 0.12983 
   34   34    1    1    1    1    1    1    1    1  2.86599E-06 0.11479 
   35   35    1    1    1    1    1    1    1    1  3.47637E-06 0.11873 
   36   36    1    1    1    1    1    1    1    1  3.81000E-06 0.11315 
   37   37    1    1    1    1    1    1    1    1  3.86353E-06 0.12448 
   38   38    1    1    1    1    1    1    1    1  5.92908E-06 0.09684 
   39   39    1    1    1    1    1    1    1    1  5.28653E-06 0.09507 
   40   40    1    1    1    1    1    1    1    1  5.95468E-06 0.09436 
   41   41    1    1    1    1    1    1    1    1  7.07861E-06 0.08669 
   42   42    1    1    1    1    1    1    1    1  6.76670E-06 0.09402 
   43   43    1    1    1    1    1    1    1    1  1.45924E-05 0.06458 
   44   44    1    1    1    1    1    1    1    1  1.36987E-05 0.15384 
   45   45    1    1    1    1    1    1    1    1  1.34724E-05 0.06190 
   46   46    1    1    1    1    1    1    1    1  2.21587E-05 0.10335 
   47   47    1    1    1    1    1    1    1    1  2.05510E-05 0.05450 
   48   48    1    1    1    1    1    1    1    1  2.23648E-05 0.05264 
   49   49    1    1    1    1    1    1    1    1  2.10698E-05 0.05570 
   50   50    1    1    1    1    1    1    1    1  2.69967E-05 0.05457 
   51   51    1    1    1    1    1    1    1    1  3.08521E-05 0.08766 
   52   52    1    1    1    1    1    1    1    1  3.21339E-05 0.04520 
   53   53    1    1    1    1    1    1    1    1  3.10494E-05 0.04596 
   54   54    1    1    1    1    1    1    1    1  3.70816E-05 0.04608 
   55   55    1    1    1    1    1    1    1    1  4.35182E-05 0.04251 
   56   56    1    1    1    1    1    1    1    1  5.60306E-05 0.07725 
   57   57    1    1    1    1    1    1    1    1  7.66627E-05 0.05821 
   58   58    1    1    1    1    1    1    1    1  7.06069E-05 0.03028 
   59   59    1    1    1    1    1    1    1    1  7.47544E-05 0.03908 
   60   60    1    1    1    1    1    1    1    1  8.56444E-05 0.03141 
   61   61    1    1    1    1    1    1    1    1  8.91014E-05 0.04227 
   62   62    1    1    1    1    1    1    1    1  1.00244E-04 0.05217 
   63   63    1    1    1    1    1    1    1    1  1.14644E-04 0.03062 
   64   64    1    1    1    1    1    1    1    1  1.25552E-04 0.03570 
   65   65    1    1    1    1    1    1    1    1  1.68665E-04 0.03855 
   66   66    1    1    1    1    1    1    1    1  1.97432E-04 0.03264 
   67   67    1    1    1    1    1    1    1    1  2.00880E-04 0.02718 
   68   68    1    1    1    1    1    1    1    1  2.11950E-04 0.02578 
   69   69    1    1    1    1    1    1    1    1  2.61898E-04 0.02982 
   70   70    1    1    1    1    1    1    1    1  2.96690E-04 0.02928 
   71   71    1    1    1    1    1    1    1    1  2.98580E-04 0.01920 
   72   72    1    1    1    1    1    1    1    1  3.64901E-04 0.02311 
   73   73    1    1    1    1    1    1    1    1  4.04492E-04 0.02128 
   74   74    1    1    1    1    1    1    1    1  4.35491E-04 0.01973 
   75   75    1    1    1    1    1    1    1    1  4.91077E-04 0.01888 
   76   76    1    1    1    1    1    1    1    1  5.72345E-04 0.01951 
   77   77    1    1    1    1    1    1    1    1  6.23103E-04 0.01466 
   78   78    1    1    1    1    1    1    1    1  7.71197E-04 0.01849 
   79   79    1    1    1    1    1    1    1    1  8.17449E-04 0.01566 
   80   80    1    1    1    1    1    1    1    1  9.56947E-04 0.01839 
   81   81    1    1    1    1    1    1    1    1  2.62006E-03 0.01068 
   82   82    1    1    1    1    1    1    1    1  2.08146E-03 0.00966 
   83   83    1    1    1    1    1    1    1    1  2.08239E-03 0.01163 
   84   84    1    1    1    1    1    1    1    1  2.18138E-03 0.00969 
   85   85    1    1    1    1    1    1    1    1  2.38564E-03 0.00910 
   86   86    1    1    1    1    1    1    1    1  2.63176E-03 0.00936 
   87   87    1    1    1    1    1    1    1    1  2.91451E-03 0.01146 
   88   88    1    1    1    1    1    1    1    1  3.28385E-03 0.00904 
   89   89    1    1    1    1    1    1    1    1  3.45944E-03 0.00922 
   90   90    1    1    1    1    1    1    1    1  3.75825E-03 0.00876 
   91   91    1    1    1    1    1    1    1    1  4.52473E-03 0.00946 
   92   92    1    1    1    1    1    1    1    1  3.64163E-03 0.00882 
   93   93    1    1    1    1    1    1    1    1  4.03589E-03 0.00846 
   94   94    1    1    1    1    1    1    1    1  4.44791E-03 0.00847 
   95   95    1    1    1    1    1    1    1    1  5.04593E-03 0.00797 
   96   96    1    1    1    1    1    1    1    1  5.67990E-03 0.00781 
   97   97    1    1    1    1    1    1    1    1  6.49637E-03 0.00748 
   98   98    1    1    1    1    1    1    1    1  7.08045E-03 0.00701 
   99   99    1    1    1    1    1    1    1    1  7.89061E-03 0.00714 
  100  100    1    1    1    1    1    1    1    1  8.96175E-03 0.00711 
  101  101    1    1    1    1    1    1    1    1  1.00483E-02 0.00537 
  102  102    1    1    1    1    1    1    1    1  1.35178E-02 0.00523 
  103  103    1    1    1    1    1    1    1    1  2.09620E-02 0.00425 
  104  104    1    1    1    1    1    1    1    1  1.90108E-02 0.00485 
  105  105    1    1    1    1    1    1    1    1  1.98742E-02 0.00428 
  106  106    1    1    1    1    1    1    1    1  2.16408E-02 0.00431 
  107  107    1    1    1    1    1    1    1    1  2.39316E-02 0.00383 
  108  108    1    1    1    1    1    1    1    1  2.68046E-02 0.00435 
  109  109    1    1    1    1    1    1    1    1  3.02817E-02 0.00400 
