
DETEnergyDetector = [
    1    1    1    1    1    1    1    1    1    1  5.41004E-08 0.57167 
    2    2    1    1    1    1    1    1    1    1  3.64452E-08 0.70354 
    3    3    1    1    1    1    1    1    1    1  1.86949E-08 1.00000 
    4    4    1    1    1    1    1    1    1    1  9.54510E-08 0.43824 
    5    5    1    1    1    1    1    1    1    1  5.80560E-08 0.57154 
    6    6    1    1    1    1    1    1    1    1  7.84618E-08 0.49241 
    7    7    1    1    1    1    1    1    1    1  6.00581E-08 0.57150 
    8    8    1    1    1    1    1    1    1    1  6.20426E-08 0.57162 
    9    9    1    1    1    1    1    1    1    1  6.36272E-08 0.57153 
   10   10    1    1    1    1    1    1    1    1  8.89388E-08 0.49247 
   11   11    1    1    1    1    1    1    1    1  1.61756E-07 0.41846 
   12   12    1    1    1    1    1    1    1    1  1.18181E-07 0.43826 
   13   13    1    1    1    1    1    1    1    1  9.73488E-08 0.60401 
   14   14    1    1    1    1    1    1    1    1  1.25288E-07 0.43811 
   15   15    1    1    1    1    1    1    1    1  2.82804E-07 0.33930 
   16   16    1    1    1    1    1    1    1    1  3.68805E-07 0.26853 
   17   17    1    1    1    1    1    1    1    1  3.28647E-07 0.29790 
   18   18    1    1    1    1    1    1    1    1  5.65167E-07 0.23609 
   19   19    1    1    1    1    1    1    1    1  6.29485E-07 0.21922 
   20   20    1    1    1    1    1    1    1    1  5.88352E-07 0.22627 
   21   21    1    1    1    1    1    1    1    1  4.26228E-07 0.26792 
   22   22    1    1    1    1    1    1    1    1  1.29129E-06 0.16028 
   23   23    1    1    1    1    1    1    1    1  1.02747E-06 0.17292 
   24   24    1    1    1    1    1    1    1    1  1.45736E-06 0.16831 
   25   25    1    1    1    1    1    1    1    1  1.66100E-06 0.14064 
   26   26    1    1    1    1    1    1    1    1  1.50729E-06 0.17302 
   27   27    1    1    1    1    1    1    1    1  2.04891E-06 0.12854 
   28   28    1    1    1    1    1    1    1    1  1.77288E-06 0.14376 
   29   29    1    1    1    1    1    1    1    1  1.85853E-06 0.13688 
   30   30    1    1    1    1    1    1    1    1  1.91093E-06 0.15164 
   31   31    1    1    1    1    1    1    1    1  2.60140E-06 0.12033 
   32   32    1    1    1    1    1    1    1    1  2.74096E-06 0.10612 
   33   33    1    1    1    1    1    1    1    1  2.77713E-06 0.12602 
   34   34    1    1    1    1    1    1    1    1  2.74632E-06 0.13334 
   35   35    1    1    1    1    1    1    1    1  3.13344E-06 0.11264 
   36   36    1    1    1    1    1    1    1    1  3.79153E-06 0.09905 
   37   37    1    1    1    1    1    1    1    1  3.96197E-06 0.11272 
   38   38    1    1    1    1    1    1    1    1  4.83781E-06 0.09830 
   39   39    1    1    1    1    1    1    1    1  5.36296E-06 0.08837 
   40   40    1    1    1    1    1    1    1    1  6.90092E-06 0.08075 
   41   41    1    1    1    1    1    1    1    1  6.76754E-06 0.09736 
   42   42    1    1    1    1    1    1    1    1  7.42753E-06 0.07860 
   43   43    1    1    1    1    1    1    1    1  1.27206E-05 0.06489 
   44   44    1    1    1    1    1    1    1    1  1.19971E-05 0.06822 
   45   45    1    1    1    1    1    1    1    1  1.39395E-05 0.07040 
   46   46    1    1    1    1    1    1    1    1  2.05887E-05 0.05233 
   47   47    1    1    1    1    1    1    1    1  2.32531E-05 0.10155 
   48   48    1    1    1    1    1    1    1    1  1.88694E-05 0.05594 
   49   49    1    1    1    1    1    1    1    1  2.32713E-05 0.05411 
   50   50    1    1    1    1    1    1    1    1  2.48253E-05 0.04693 
   51   51    1    1    1    1    1    1    1    1  2.85948E-05 0.04145 
   52   52    1    1    1    1    1    1    1    1  3.56618E-05 0.04406 
   53   53    1    1    1    1    1    1    1    1  3.86480E-05 0.09768 
   54   54    1    1    1    1    1    1    1    1  3.77183E-05 0.07948 
   55   55    1    1    1    1    1    1    1    1  4.22258E-05 0.04389 
   56   56    1    1    1    1    1    1    1    1  5.07934E-05 0.06968 
   57   57    1    1    1    1    1    1    1    1  6.79536E-05 0.03663 
   58   58    1    1    1    1    1    1    1    1  6.98959E-05 0.06478 
   59   59    1    1    1    1    1    1    1    1  7.88619E-05 0.02998 
   60   60    1    1    1    1    1    1    1    1  7.92901E-05 0.03356 
   61   61    1    1    1    1    1    1    1    1  9.13647E-05 0.04425 
   62   62    1    1    1    1    1    1    1    1  1.05276E-04 0.04585 
   63   63    1    1    1    1    1    1    1    1  1.20892E-04 0.04612 
   64   64    1    1    1    1    1    1    1    1  1.26485E-04 0.03932 
   65   65    1    1    1    1    1    1    1    1  1.69544E-04 0.03092 
   66   66    1    1    1    1    1    1    1    1  1.96040E-04 0.02384 
   67   67    1    1    1    1    1    1    1    1  1.90823E-04 0.02283 
   68   68    1    1    1    1    1    1    1    1  2.12977E-04 0.02216 
   69   69    1    1    1    1    1    1    1    1  2.56656E-04 0.02578 
   70   70    1    1    1    1    1    1    1    1  2.74163E-04 0.02639 
   71   71    1    1    1    1    1    1    1    1  2.95103E-04 0.02324 
   72   72    1    1    1    1    1    1    1    1  3.81833E-04 0.02638 
   73   73    1    1    1    1    1    1    1    1  4.00325E-04 0.01973 
   74   74    1    1    1    1    1    1    1    1  4.47013E-04 0.01791 
   75   75    1    1    1    1    1    1    1    1  5.00168E-04 0.01458 
   76   76    1    1    1    1    1    1    1    1  5.77072E-04 0.02102 
   77   77    1    1    1    1    1    1    1    1  6.40234E-04 0.01745 
   78   78    1    1    1    1    1    1    1    1  7.63952E-04 0.01561 
   79   79    1    1    1    1    1    1    1    1  8.39941E-04 0.01531 
   80   80    1    1    1    1    1    1    1    1  9.30111E-04 0.01420 
   81   81    1    1    1    1    1    1    1    1  2.58868E-03 0.01042 
   82   82    1    1    1    1    1    1    1    1  2.07545E-03 0.01125 
   83   83    1    1    1    1    1    1    1    1  2.06290E-03 0.01157 
   84   84    1    1    1    1    1    1    1    1  2.16269E-03 0.00855 
   85   85    1    1    1    1    1    1    1    1  2.42191E-03 0.00742 
   86   86    1    1    1    1    1    1    1    1  2.64222E-03 0.00910 
   87   87    1    1    1    1    1    1    1    1  2.88741E-03 0.00857 
   88   88    1    1    1    1    1    1    1    1  3.33148E-03 0.00869 
   89   89    1    1    1    1    1    1    1    1  3.42595E-03 0.00724 
   90   90    1    1    1    1    1    1    1    1  3.68187E-03 0.00768 
   91   91    1    1    1    1    1    1    1    1  4.48529E-03 0.00776 
   92   92    1    1    1    1    1    1    1    1  3.62678E-03 0.00896 
   93   93    1    1    1    1    1    1    1    1  4.16891E-03 0.00817 
   94   94    1    1    1    1    1    1    1    1  4.48093E-03 0.00837 
   95   95    1    1    1    1    1    1    1    1  5.10376E-03 0.00750 
   96   96    1    1    1    1    1    1    1    1  5.64921E-03 0.00695 
   97   97    1    1    1    1    1    1    1    1  6.37764E-03 0.00753 
   98   98    1    1    1    1    1    1    1    1  7.16015E-03 0.00655 
   99   99    1    1    1    1    1    1    1    1  7.92873E-03 0.00633 
  100  100    1    1    1    1    1    1    1    1  8.91096E-03 0.00577 
  101  101    1    1    1    1    1    1    1    1  9.92831E-03 0.00566 
  102  102    1    1    1    1    1    1    1    1  1.34552E-02 0.00520 
  103  103    1    1    1    1    1    1    1    1  2.09349E-02 0.00385 
  104  104    1    1    1    1    1    1    1    1  1.89892E-02 0.00418 
  105  105    1    1    1    1    1    1    1    1  2.02164E-02 0.00499 
  106  106    1    1    1    1    1    1    1    1  2.17358E-02 0.00407 
  107  107    1    1    1    1    1    1    1    1  2.38859E-02 0.00450 
  108  108    1    1    1    1    1    1    1    1  2.70311E-02 0.00441 
  109  109    1    1    1    1    1    1    1    1  3.03448E-02 0.00397 
