
DETEnergyDetector = [
    1    1    1    1    1    1    1    1    1    1  2.16978E-07 0.28050 
    2    2    1    1    1    1    1    1    1    1  1.57750E-08 1.00000 
    3    3    1    1    1    1    1    1    1    1  3.64981E-08 0.70353 
    4    4    1    1    1    1    1    1    1    1  3.41296E-08 0.70822 
    5    5    1    1    1    1    1    1    1    1  0.00000E+00 0.00000 
    6    6    1    1    1    1    1    1    1    1  3.95236E-08 0.70358 
    7    7    1    1    1    1    1    1    1    1  1.57866E-07 0.34138 
    8    8    1    1    1    1    1    1    1    1  7.97866E-08 0.49325 
    9    9    1    1    1    1    1    1    1    1  8.66691E-08 0.49249 
   10   10    1    1    1    1    1    1    1    1  9.11963E-08 0.49245 
   11   11    1    1    1    1    1    1    1    1  9.45446E-08 0.49240 
   12   12    1    1    1    1    1    1    1    1  4.28077E-08 0.70632 
   13   13    1    1    1    1    1    1    1    1  7.52061E-08 0.57180 
   14   14    1    1    1    1    1    1    1    1  3.18499E-07 0.28283 
   15   15    1    1    1    1    1    1    1    1  1.03541E-07 0.49239 
   16   16    1    1    1    1    1    1    1    1  1.05651E-07 0.60597 
   17   17    1    1    1    1    1    1    1    1  3.79737E-07 0.27093 
   18   18    1    1    1    1    1    1    1    1  4.19344E-07 0.25674 
   19   19    1    1    1    1    1    1    1    1  4.78400E-07 0.23814 
   20   20    1    1    1    1    1    1    1    1  4.41847E-07 0.25839 
   21   21    1    1    1    1    1    1    1    1  6.38533E-07 0.22738 
   22   22    1    1    1    1    1    1    1    1  1.02375E-06 0.18985 
   23   23    1    1    1    1    1    1    1    1  1.09393E-06 0.20358 
   24   24    1    1    1    1    1    1    1    1  1.14404E-06 0.16923 
   25   25    1    1    1    1    1    1    1    1  1.07603E-06 0.18196 
   26   26    1    1    1    1    1    1    1    1  1.05505E-06 0.17608 
   27   27    1    1    1    1    1    1    1    1  1.46670E-06 0.15539 
   28   28    1    1    1    1    1    1    1    1  1.91415E-06 0.12663 
   29   29    1    1    1    1    1    1    1    1  1.51867E-06 0.16268 
   30   30    1    1    1    1    1    1    1    1  1.69861E-06 0.13829 
   31   31    1    1    1    1    1    1    1    1  2.92130E-06 0.11007 
   32   32    1    1    1    1    1    1    1    1  2.12958E-06 0.14103 
   33   33    1    1    1    1    1    1    1    1  2.54575E-06 0.12718 
   34   34    1    1    1    1    1    1    1    1  3.51509E-06 0.11568 
   35   35    1    1    1    1    1    1    1    1  3.97615E-06 0.11313 
   36   36    1    1    1    1    1    1    1    1  4.00095E-06 0.11805 
   37   37    1    1    1    1    1    1    1    1  4.60573E-06 0.08911 
   38   38    1    1    1    1    1    1    1    1  6.64789E-06 0.26324 
   39   39    1    1    1    1    1    1    1    1  5.07308E-06 0.09957 
   40   40    1    1    1    1    1    1    1    1  6.94959E-06 0.07473 
   41   41    1    1    1    1    1    1    1    1  8.82662E-06 0.07922 
   42   42    1    1    1    1    1    1    1    1  8.53737E-06 0.07434 
   43   43    1    1    1    1    1    1    1    1  1.34691E-05 0.06535 
   44   44    1    1    1    1    1    1    1    1  1.58110E-05 0.13405 
   45   45    1    1    1    1    1    1    1    1  1.43432E-05 0.06775 
   46   46    1    1    1    1    1    1    1    1  2.05670E-05 0.05835 
   47   47    1    1    1    1    1    1    1    1  2.31999E-05 0.05063 
   48   48    1    1    1    1    1    1    1    1  1.88819E-05 0.05383 
   49   49    1    1    1    1    1    1    1    1  2.18791E-05 0.05256 
   50   50    1    1    1    1    1    1    1    1  2.56292E-05 0.05456 
   51   51    1    1    1    1    1    1    1    1  2.86875E-05 0.04359 
   52   52    1    1    1    1    1    1    1    1  3.48576E-05 0.03949 
   53   53    1    1    1    1    1    1    1    1  3.19931E-05 0.04661 
   54   54    1    1    1    1    1    1    1    1  3.61113E-05 0.04635 
   55   55    1    1    1    1    1    1    1    1  4.24906E-05 0.03463 
   56   56    1    1    1    1    1    1    1    1  4.69419E-05 0.04144 
   57   57    1    1    1    1    1    1    1    1  7.39922E-05 0.04804 
   58   58    1    1    1    1    1    1    1    1  6.81681E-05 0.03441 
   59   59    1    1    1    1    1    1    1    1  7.75762E-05 0.04769 
   60   60    1    1    1    1    1    1    1    1  8.20658E-05 0.03207 
   61   61    1    1    1    1    1    1    1    1  9.37678E-05 0.05337 
   62   62    1    1    1    1    1    1    1    1  1.02866E-04 0.04530 
   63   63    1    1    1    1    1    1    1    1  1.12266E-04 0.02810 
   64   64    1    1    1    1    1    1    1    1  1.18572E-04 0.02910 
   65   65    1    1    1    1    1    1    1    1  1.65564E-04 0.02475 
   66   66    1    1    1    1    1    1    1    1  1.95718E-04 0.03376 
   67   67    1    1    1    1    1    1    1    1  1.87614E-04 0.02726 
   68   68    1    1    1    1    1    1    1    1  2.18372E-04 0.03868 
   69   69    1    1    1    1    1    1    1    1  2.46090E-04 0.01860 
   70   70    1    1    1    1    1    1    1    1  2.81023E-04 0.02794 
   71   71    1    1    1    1    1    1    1    1  3.03367E-04 0.02418 
   72   72    1    1    1    1    1    1    1    1  3.71667E-04 0.02872 
   73   73    1    1    1    1    1    1    1    1  4.14878E-04 0.02363 
   74   74    1    1    1    1    1    1    1    1  4.29979E-04 0.02161 
   75   75    1    1    1    1    1    1    1    1  4.95588E-04 0.01809 
   76   76    1    1    1    1    1    1    1    1  5.55105E-04 0.01995 
   77   77    1    1    1    1    1    1    1    1  6.29500E-04 0.01844 
   78   78    1    1    1    1    1    1    1    1  7.62789E-04 0.01497 
   79   79    1    1    1    1    1    1    1    1  8.43545E-04 0.01948 
   80   80    1    1    1    1    1    1    1    1  8.82822E-04 0.01254 
   81   81    1    1    1    1    1    1    1    1  2.54623E-03 0.00993 
   82   82    1    1    1    1    1    1    1    1  2.00809E-03 0.01003 
   83   83    1    1    1    1    1    1    1    1  2.03841E-03 0.01148 
   84   84    1    1    1    1    1    1    1    1  2.14281E-03 0.01083 
   85   85    1    1    1    1    1    1    1    1  2.40225E-03 0.01188 
   86   86    1    1    1    1    1    1    1    1  2.56845E-03 0.00940 
   87   87    1    1    1    1    1    1    1    1  2.85169E-03 0.01038 
   88   88    1    1    1    1    1    1    1    1  3.23759E-03 0.00919 
   89   89    1    1    1    1    1    1    1    1  3.38863E-03 0.00712 
   90   90    1    1    1    1    1    1    1    1  3.67964E-03 0.00894 
   91   91    1    1    1    1    1    1    1    1  4.43287E-03 0.00790 
   92   92    1    1    1    1    1    1    1    1  3.58584E-03 0.00913 
   93   93    1    1    1    1    1    1    1    1  3.98362E-03 0.00943 
   94   94    1    1    1    1    1    1    1    1  4.41589E-03 0.00758 
   95   95    1    1    1    1    1    1    1    1  5.00345E-03 0.00749 
   96   96    1    1    1    1    1    1    1    1  5.60917E-03 0.00783 
   97   97    1    1    1    1    1    1    1    1  6.36305E-03 0.00650 
   98   98    1    1    1    1    1    1    1    1  7.08595E-03 0.00627 
   99   99    1    1    1    1    1    1    1    1  7.76573E-03 0.00630 
  100  100    1    1    1    1    1    1    1    1  8.90505E-03 0.00625 
  101  101    1    1    1    1    1    1    1    1  9.88178E-03 0.00544 
  102  102    1    1    1    1    1    1    1    1  1.32162E-02 0.00516 
  103  103    1    1    1    1    1    1    1    1  2.06238E-02 0.00415 
  104  104    1    1    1    1    1    1    1    1  1.87606E-02 0.00498 
  105  105    1    1    1    1    1    1    1    1  1.97608E-02 0.00496 
  106  106    1    1    1    1    1    1    1    1  2.13792E-02 0.00496 
  107  107    1    1    1    1    1    1    1    1  2.37319E-02 0.00441 
  108  108    1    1    1    1    1    1    1    1  2.66457E-02 0.00410 
  109  109    1    1    1    1    1    1    1    1  3.00963E-02 0.00383 
