
DETEnergyDetector = [
    1    1    1    1    1    1    1    1    1    1  1.57741E-07 0.35582 
    2    2    1    1    1    1    1    1    1    1  1.78845E-08 1.00000 
    3    3    1    1    1    1    1    1    1    1  9.15128E-08 0.43820 
    4    4    1    1    1    1    1    1    1    1  1.92035E-08 1.00000 
    5    5    1    1    1    1    1    1    1    1  1.89766E-08 1.00000 
    6    6    1    1    1    1    1    1    1    1  9.84999E-08 0.43821 
    7    7    1    1    1    1    1    1    1    1  6.00998E-08 0.57149 
    8    8    1    1    1    1    1    1    1    1  1.46740E-07 0.36644 
    9    9    1    1    1    1    1    1    1    1  8.58976E-08 0.49251 
   10   10    1    1    1    1    1    1    1    1  1.33509E-07 0.39787 
   11   11    1    1    1    1    1    1    1    1  1.34824E-07 0.39888 
   12   12    1    1    1    1    1    1    1    1  2.13903E-07 0.35655 
   13   13    1    1    1    1    1    1    1    1  1.94817E-07 0.34086 
   14   14    1    1    1    1    1    1    1    1  2.00067E-07 0.34099 
   15   15    1    1    1    1    1    1    1    1  2.09692E-07 0.38419 
   16   16    1    1    1    1    1    1    1    1  2.90957E-07 0.28590 
   17   17    1    1    1    1    1    1    1    1  2.46920E-07 0.31961 
   18   18    1    1    1    1    1    1    1    1  2.71677E-07 0.33595 
   19   19    1    1    1    1    1    1    1    1  2.23975E-07 0.34192 
   20   20    1    1    1    1    1    1    1    1  5.71708E-07 0.22371 
   21   21    1    1    1    1    1    1    1    1  5.40135E-07 0.24295 
   22   22    1    1    1    1    1    1    1    1  1.53788E-06 0.14051 
   23   23    1    1    1    1    1    1    1    1  1.12952E-06 0.15419 
   24   24    1    1    1    1    1    1    1    1  1.44028E-06 0.16294 
   25   25    1    1    1    1    1    1    1    1  1.17931E-06 0.15425 
   26   26    1    1    1    1    1    1    1    1  1.53513E-06 0.14267 
   27   27    1    1    1    1    1    1    1    1  1.68056E-06 0.14336 
   28   28    1    1    1    1    1    1    1    1  1.20227E-06 0.16821 
   29   29    1    1    1    1    1    1    1    1  2.44100E-06 0.12970 
   30   30    1    1    1    1    1    1    1    1  2.05610E-06 0.13207 
   31   31    1    1    1    1    1    1    1    1  2.34903E-06 0.11871 
   32   32    1    1    1    1    1    1    1    1  2.48525E-06 0.13385 
   33   33    1    1    1    1    1    1    1    1  2.43652E-06 0.13315 
   34   34    1    1    1    1    1    1    1    1  3.15692E-06 0.13155 
   35   35    1    1    1    1    1    1    1    1  3.58247E-06 0.10081 
   36   36    1    1    1    1    1    1    1    1  3.51287E-06 0.10402 
   37   37    1    1    1    1    1    1    1    1  5.06486E-06 0.09237 
   38   38    1    1    1    1    1    1    1    1  5.45180E-06 0.09424 
   39   39    1    1    1    1    1    1    1    1  6.35463E-06 0.08941 
   40   40    1    1    1    1    1    1    1    1  6.05698E-06 0.07928 
   41   41    1    1    1    1    1    1    1    1  6.85584E-06 0.08270 
   42   42    1    1    1    1    1    1    1    1  8.86379E-06 0.21572 
   43   43    1    1    1    1    1    1    1    1  1.45695E-05 0.06471 
   44   44    1    1    1    1    1    1    1    1  1.28056E-05 0.06398 
   45   45    1    1    1    1    1    1    1    1  1.30140E-05 0.06357 
   46   46    1    1    1    1    1    1    1    1  2.01087E-05 0.04592 
   47   47    1    1    1    1    1    1    1    1  2.14214E-05 0.05611 
   48   48    1    1    1    1    1    1    1    1  2.62902E-05 0.09167 
   49   49    1    1    1    1    1    1    1    1  2.29390E-05 0.05455 
   50   50    1    1    1    1    1    1    1    1  2.38576E-05 0.05235 
   51   51    1    1    1    1    1    1    1    1  3.23970E-05 0.04816 
   52   52    1    1    1    1    1    1    1    1  3.31820E-05 0.04583 
   53   53    1    1    1    1    1    1    1    1  3.04945E-05 0.05191 
   54   54    1    1    1    1    1    1    1    1  3.60654E-05 0.04884 
   55   55    1    1    1    1    1    1    1    1  4.65843E-05 0.06762 
   56   56    1    1    1    1    1    1    1    1  4.58509E-05 0.03984 
   57   57    1    1    1    1    1    1    1    1  7.02734E-05 0.02986 
   58   58    1    1    1    1    1    1    1    1  7.06509E-05 0.05695 
   59   59    1    1    1    1    1    1    1    1  7.67141E-05 0.04736 
   60   60    1    1    1    1    1    1    1    1  8.03748E-05 0.03335 
   61   61    1    1    1    1    1    1    1    1  9.45811E-05 0.02874 
   62   62    1    1    1    1    1    1    1    1  9.80791E-05 0.03044 
   63   63    1    1    1    1    1    1    1    1  1.13771E-04 0.02920 
   64   64    1    1    1    1    1    1    1    1  1.21603E-04 0.03919 
   65   65    1    1    1    1    1    1    1    1  1.66873E-04 0.03456 
   66   66    1    1    1    1    1    1    1    1  1.88359E-04 0.02965 
   67   67    1    1    1    1    1    1    1    1  2.05856E-04 0.03593 
   68   68    1    1    1    1    1    1    1    1  2.08264E-04 0.03084 
   69   69    1    1    1    1    1    1    1    1  2.55712E-04 0.02771 
   70   70    1    1    1    1    1    1    1    1  2.64228E-04 0.02591 
   71   71    1    1    1    1    1    1    1    1  3.06954E-04 0.01928 
   72   72    1    1    1    1    1    1    1    1  3.58761E-04 0.01707 
   73   73    1    1    1    1    1    1    1    1  4.01674E-04 0.02256 
   74   74    1    1    1    1    1    1    1    1  4.52055E-04 0.01981 
   75   75    1    1    1    1    1    1    1    1  5.08445E-04 0.02276 
   76   76    1    1    1    1    1    1    1    1  5.61394E-04 0.01492 
   77   77    1    1    1    1    1    1    1    1  6.24690E-04 0.01497 
   78   78    1    1    1    1    1    1    1    1  8.30519E-04 0.01801 
   79   79    1    1    1    1    1    1    1    1  8.47898E-04 0.01756 
   80   80    1    1    1    1    1    1    1    1  9.32977E-04 0.01344 
   81   81    1    1    1    1    1    1    1    1  2.56015E-03 0.00899 
   82   82    1    1    1    1    1    1    1    1  2.06557E-03 0.00937 
   83   83    1    1    1    1    1    1    1    1  2.06135E-03 0.01172 
   84   84    1    1    1    1    1    1    1    1  2.17978E-03 0.01193 
   85   85    1    1    1    1    1    1    1    1  2.41689E-03 0.01038 
   86   86    1    1    1    1    1    1    1    1  2.61375E-03 0.00961 
   87   87    1    1    1    1    1    1    1    1  2.90761E-03 0.01006 
   88   88    1    1    1    1    1    1    1    1  3.25668E-03 0.00823 
   89   89    1    1    1    1    1    1    1    1  3.40885E-03 0.00861 
   90   90    1    1    1    1    1    1    1    1  3.71834E-03 0.00918 
   91   91    1    1    1    1    1    1    1    1  4.56349E-03 0.00915 
   92   92    1    1    1    1    1    1    1    1  3.68053E-03 0.00985 
   93   93    1    1    1    1    1    1    1    1  4.07503E-03 0.00831 
   94   94    1    1    1    1    1    1    1    1  4.50689E-03 0.00778 
   95   95    1    1    1    1    1    1    1    1  5.13904E-03 0.00784 
   96   96    1    1    1    1    1    1    1    1  5.68295E-03 0.00733 
   97   97    1    1    1    1    1    1    1    1  6.38500E-03 0.00761 
   98   98    1    1    1    1    1    1    1    1  7.02288E-03 0.00676 
   99   99    1    1    1    1    1    1    1    1  7.92100E-03 0.00672 
  100  100    1    1    1    1    1    1    1    1  8.95262E-03 0.00687 
  101  101    1    1    1    1    1    1    1    1  9.92782E-03 0.00587 
  102  102    1    1    1    1    1    1    1    1  1.34245E-02 0.00541 
  103  103    1    1    1    1    1    1    1    1  2.08537E-02 0.00422 
  104  104    1    1    1    1    1    1    1    1  1.88233E-02 0.00452 
  105  105    1    1    1    1    1    1    1    1  2.01406E-02 0.00461 
  106  106    1    1    1    1    1    1    1    1  2.16052E-02 0.00472 
  107  107    1    1    1    1    1    1    1    1  2.39967E-02 0.00455 
  108  108    1    1    1    1    1    1    1    1  2.68516E-02 0.00412 
  109  109    1    1    1    1    1    1    1    1  3.00797E-02 0.00349 
