
DETEnergyDetector = [
    1    1    1    1    1    1    1    1    1    1  1.88887E-07 0.31610 
    2    2    1    1    1    1    1    1    1    1  5.44965E-08 0.57150 
    3    3    1    1    1    1    1    1    1    1  5.36353E-08 0.57182 
    4    4    1    1    1    1    1    1    1    1  0.00000E+00 0.00000 
    5    5    1    1    1    1    1    1    1    1  3.74293E-08 0.70371 
    6    6    1    1    1    1    1    1    1    1  5.50018E-08 0.57253 
    7    7    1    1    1    1    1    1    1    1  0.00000E+00 0.00000 
    8    8    1    1    1    1    1    1    1    1  3.86018E-08 0.70612 
    9    9    1    1    1    1    1    1    1    1  4.25205E-08 0.70360 
   10   10    1    1    1    1    1    1    1    1  4.61918E-08 0.70372 
   11   11    1    1    1    1    1    1    1    1  9.35955E-08 0.49264 
   12   12    1    1    1    1    1    1    1    1  7.25099E-08 0.57165 
   13   13    1    1    1    1    1    1    1    1  9.29800E-08 0.49395 
   14   14    1    1    1    1    1    1    1    1  2.22774E-07 0.32001 
   15   15    1    1    1    1    1    1    1    1  2.29978E-07 0.32021 
   16   16    1    1    1    1    1    1    1    1  2.65191E-07 0.36241 
   17   17    1    1    1    1    1    1    1    1  2.76861E-07 0.30157 
   18   18    1    1    1    1    1    1    1    1  2.52399E-07 0.35684 
   19   19    1    1    1    1    1    1    1    1  4.51432E-07 0.24807 
   20   20    1    1    1    1    1    1    1    1  2.88724E-07 0.30225 
   21   21    1    1    1    1    1    1    1    1  4.52565E-07 0.23957 
   22   22    1    1    1    1    1    1    1    1  1.53939E-06 0.13766 
   23   23    1    1    1    1    1    1    1    1  1.08265E-06 0.16356 
   24   24    1    1    1    1    1    1    1    1  1.34170E-06 0.16708 
   25   25    1    1    1    1    1    1    1    1  1.10948E-06 0.17313 
   26   26    1    1    1    1    1    1    1    1  7.33785E-07 0.21619 
   27   27    1    1    1    1    1    1    1    1  1.59486E-06 0.14613 
   28   28    1    1    1    1    1    1    1    1  1.62624E-06 0.15356 
   29   29    1    1    1    1    1    1    1    1  2.01491E-06 0.14882 
   30   30    1    1    1    1    1    1    1    1  2.01086E-06 0.13496 
   31   31    1    1    1    1    1    1    1    1  2.52037E-06 0.13308 
   32   32    1    1    1    1    1    1    1    1  2.42468E-06 0.12145 
   33   33    1    1    1    1    1    1    1    1  2.52227E-06 0.14325 
   34   34    1    1    1    1    1    1    1    1  1.98913E-06 0.15036 
   35   35    1    1    1    1    1    1    1    1  3.48410E-06 0.11791 
   36   36    1    1    1    1    1    1    1    1  3.37688E-06 0.12145 
   37   37    1    1    1    1    1    1    1    1  3.49256E-06 0.10761 
   38   38    1    1    1    1    1    1    1    1  5.09362E-06 0.09490 
   39   39    1    1    1    1    1    1    1    1  5.89544E-06 0.09245 
   40   40    1    1    1    1    1    1    1    1  5.99263E-06 0.10605 
   41   41    1    1    1    1    1    1    1    1  6.90515E-06 0.08564 
   42   42    1    1    1    1    1    1    1    1  8.54944E-06 0.08059 
   43   43    1    1    1    1    1    1    1    1  1.31841E-05 0.06474 
   44   44    1    1    1    1    1    1    1    1  1.38358E-05 0.16032 
   45   45    1    1    1    1    1    1    1    1  1.24758E-05 0.06628 
   46   46    1    1    1    1    1    1    1    1  2.00358E-05 0.05655 
   47   47    1    1    1    1    1    1    1    1  2.20992E-05 0.12063 
   48   48    1    1    1    1    1    1    1    1  2.29762E-05 0.04853 
   49   49    1    1    1    1    1    1    1    1  2.50584E-05 0.10094 
   50   50    1    1    1    1    1    1    1    1  2.55679E-05 0.04862 
   51   51    1    1    1    1    1    1    1    1  3.02957E-05 0.05145 
   52   52    1    1    1    1    1    1    1    1  3.83360E-05 0.07513 
   53   53    1    1    1    1    1    1    1    1  3.35298E-05 0.04777 
   54   54    1    1    1    1    1    1    1    1  3.60455E-05 0.04333 
   55   55    1    1    1    1    1    1    1    1  4.73087E-05 0.06666 
   56   56    1    1    1    1    1    1    1    1  4.49184E-05 0.03998 
   57   57    1    1    1    1    1    1    1    1  7.54817E-05 0.06336 
   58   58    1    1    1    1    1    1    1    1  7.54080E-05 0.04568 
   59   59    1    1    1    1    1    1    1    1  7.23758E-05 0.03165 
   60   60    1    1    1    1    1    1    1    1  8.38279E-05 0.05074 
   61   61    1    1    1    1    1    1    1    1  9.06230E-05 0.04878 
   62   62    1    1    1    1    1    1    1    1  9.71343E-05 0.02949 
   63   63    1    1    1    1    1    1    1    1  1.25219E-04 0.05456 
   64   64    1    1    1    1    1    1    1    1  1.22709E-04 0.02715 
   65   65    1    1    1    1    1    1    1    1  1.71762E-04 0.03135 
   66   66    1    1    1    1    1    1    1    1  1.99113E-04 0.02200 
   67   67    1    1    1    1    1    1    1    1  1.97618E-04 0.02480 
   68   68    1    1    1    1    1    1    1    1  2.04284E-04 0.03211 
   69   69    1    1    1    1    1    1    1    1  2.60931E-04 0.02969 
   70   70    1    1    1    1    1    1    1    1  2.74767E-04 0.02878 
   71   71    1    1    1    1    1    1    1    1  2.99835E-04 0.01964 
   72   72    1    1    1    1    1    1    1    1  3.76280E-04 0.02601 
   73   73    1    1    1    1    1    1    1    1  3.99998E-04 0.02227 
   74   74    1    1    1    1    1    1    1    1  4.32948E-04 0.01993 
   75   75    1    1    1    1    1    1    1    1  5.10402E-04 0.02353 
   76   76    1    1    1    1    1    1    1    1  5.58163E-04 0.01976 
   77   77    1    1    1    1    1    1    1    1  6.48532E-04 0.01871 
   78   78    1    1    1    1    1    1    1    1  7.82756E-04 0.01631 
   79   79    1    1    1    1    1    1    1    1  8.43426E-04 0.02037 
   80   80    1    1    1    1    1    1    1    1  9.11901E-04 0.01599 
   81   81    1    1    1    1    1    1    1    1  2.57316E-03 0.00962 
   82   82    1    1    1    1    1    1    1    1  2.06431E-03 0.01113 
   83   83    1    1    1    1    1    1    1    1  2.08023E-03 0.01040 
   84   84    1    1    1    1    1    1    1    1  2.19605E-03 0.01048 
   85   85    1    1    1    1    1    1    1    1  2.41308E-03 0.01066 
   86   86    1    1    1    1    1    1    1    1  2.64607E-03 0.00910 
   87   87    1    1    1    1    1    1    1    1  2.85075E-03 0.00889 
   88   88    1    1    1    1    1    1    1    1  3.36023E-03 0.01007 
   89   89    1    1    1    1    1    1    1    1  3.46632E-03 0.00827 
   90   90    1    1    1    1    1    1    1    1  3.73264E-03 0.00858 
   91   91    1    1    1    1    1    1    1    1  4.49822E-03 0.00721 
   92   92    1    1    1    1    1    1    1    1  3.59411E-03 0.00817 
   93   93    1    1    1    1    1    1    1    1  4.12986E-03 0.00850 
   94   94    1    1    1    1    1    1    1    1  4.46169E-03 0.00736 
   95   95    1    1    1    1    1    1    1    1  5.09639E-03 0.00751 
   96   96    1    1    1    1    1    1    1    1  5.62591E-03 0.00769 
   97   97    1    1    1    1    1    1    1    1  6.51796E-03 0.00820 
   98   98    1    1    1    1    1    1    1    1  7.10007E-03 0.00654 
   99   99    1    1    1    1    1    1    1    1  7.86277E-03 0.00656 
  100  100    1    1    1    1    1    1    1    1  8.97052E-03 0.00701 
  101  101    1    1    1    1    1    1    1    1  9.93583E-03 0.00607 
  102  102    1    1    1    1    1    1    1    1  1.34576E-02 0.00591 
  103  103    1    1    1    1    1    1    1    1  2.08072E-02 0.00434 
  104  104    1    1    1    1    1    1    1    1  1.89480E-02 0.00410 
  105  105    1    1    1    1    1    1    1    1  2.00899E-02 0.00460 
  106  106    1    1    1    1    1    1    1    1  2.15110E-02 0.00458 
  107  107    1    1    1    1    1    1    1    1  2.40503E-02 0.00405 
  108  108    1    1    1    1    1    1    1    1  2.67481E-02 0.00466 
  109  109    1    1    1    1    1    1    1    1  3.03953E-02 0.00416 
