
DETEnergyDetector = [
    1    1    1    1    1    1    1    1    1    1  1.65616E-07 0.36831 
    2    2    1    1    1    1    1    1    1    1  1.79745E-08 1.00000 
    3    3    1    1    1    1    1    1    1    1  3.69365E-08 0.70353 
    4    4    1    1    1    1    1    1    1    1  0.00000E+00 0.00000 
    5    5    1    1    1    1    1    1    1    1  3.92865E-08 0.70366 
    6    6    1    1    1    1    1    1    1    1  5.78870E-08 0.57159 
    7    7    1    1    1    1    1    1    1    1  1.20948E-07 0.46186 
    8    8    1    1    1    1    1    1    1    1  5.87534E-08 0.57251 
    9    9    1    1    1    1    1    1    1    1  1.70962E-07 0.38433 
   10   10    1    1    1    1    1    1    1    1  2.15888E-08 1.00000 
   11   11    1    1    1    1    1    1    1    1  9.27752E-08 0.60414 
   12   12    1    1    1    1    1    1    1    1  3.29645E-07 0.26942 
   13   13    1    1    1    1    1    1    1    1  1.72609E-07 0.36635 
   14   14    1    1    1    1    1    1    1    1  2.97594E-07 0.27224 
   15   15    1    1    1    1    1    1    1    1  2.55917E-07 0.30156 
   16   16    1    1    1    1    1    1    1    1  3.71522E-07 0.24915 
   17   17    1    1    1    1    1    1    1    1  1.61808E-07 0.39785 
   18   18    1    1    1    1    1    1    1    1  4.20322E-07 0.25886 
   19   19    1    1    1    1    1    1    1    1  3.10265E-07 0.31258 
   20   20    1    1    1    1    1    1    1    1  5.86822E-07 0.22477 
   21   21    1    1    1    1    1    1    1    1  5.49239E-07 0.22915 
   22   22    1    1    1    1    1    1    1    1  1.40549E-06 0.13955 
   23   23    1    1    1    1    1    1    1    1  1.26478E-06 0.17779 
   24   24    1    1    1    1    1    1    1    1  1.19816E-06 0.17968 
   25   25    1    1    1    1    1    1    1    1  1.15065E-06 0.17433 
   26   26    1    1    1    1    1    1    1    1  1.39234E-06 0.16221 
   27   27    1    1    1    1    1    1    1    1  1.28124E-06 0.15586 
   28   28    1    1    1    1    1    1    1    1  2.05429E-06 0.11989 
   29   29    1    1    1    1    1    1    1    1  2.25453E-06 0.15032 
   30   30    1    1    1    1    1    1    1    1  2.06316E-06 0.13532 
   31   31    1    1    1    1    1    1    1    1  2.85675E-06 0.13827 
   32   32    1    1    1    1    1    1    1    1  2.57988E-06 0.13311 
   33   33    1    1    1    1    1    1    1    1  2.89805E-06 0.13743 
   34   34    1    1    1    1    1    1    1    1  4.45560E-06 0.35214 
   35   35    1    1    1    1    1    1    1    1  4.85697E-06 0.32705 
   36   36    1    1    1    1    1    1    1    1  3.78531E-06 0.11215 
   37   37    1    1    1    1    1    1    1    1  5.90239E-06 0.29564 
   38   38    1    1    1    1    1    1    1    1  4.20835E-06 0.09813 
   39   39    1    1    1    1    1    1    1    1  5.31603E-06 0.10664 
   40   40    1    1    1    1    1    1    1    1  5.81785E-06 0.09428 
   41   41    1    1    1    1    1    1    1    1  7.39909E-06 0.07559 
   42   42    1    1    1    1    1    1    1    1  8.81252E-06 0.07093 
   43   43    1    1    1    1    1    1    1    1  1.39493E-05 0.05336 
   44   44    1    1    1    1    1    1    1    1  1.35928E-05 0.06551 
   45   45    1    1    1    1    1    1    1    1  1.42688E-05 0.06023 
   46   46    1    1    1    1    1    1    1    1  2.06850E-05 0.06060 
   47   47    1    1    1    1    1    1    1    1  2.06243E-05 0.05246 
   48   48    1    1    1    1    1    1    1    1  2.30936E-05 0.04764 
   49   49    1    1    1    1    1    1    1    1  2.32108E-05 0.05521 
   50   50    1    1    1    1    1    1    1    1  2.30757E-05 0.04889 
   51   51    1    1    1    1    1    1    1    1  2.85256E-05 0.04642 
   52   52    1    1    1    1    1    1    1    1  3.61842E-05 0.07214 
   53   53    1    1    1    1    1    1    1    1  3.59806E-05 0.07923 
   54   54    1    1    1    1    1    1    1    1  3.76849E-05 0.07896 
   55   55    1    1    1    1    1    1    1    1  4.66690E-05 0.06519 
   56   56    1    1    1    1    1    1    1    1  4.49206E-05 0.04123 
   57   57    1    1    1    1    1    1    1    1  6.71964E-05 0.03063 
   58   58    1    1    1    1    1    1    1    1  7.12761E-05 0.03576 
   59   59    1    1    1    1    1    1    1    1  7.51123E-05 0.05136 
   60   60    1    1    1    1    1    1    1    1  8.69919E-05 0.04618 
   61   61    1    1    1    1    1    1    1    1  8.63882E-05 0.03263 
   62   62    1    1    1    1    1    1    1    1  9.77600E-05 0.02879 
   63   63    1    1    1    1    1    1    1    1  1.14168E-04 0.02668 
   64   64    1    1    1    1    1    1    1    1  1.21082E-04 0.02824 
   65   65    1    1    1    1    1    1    1    1  1.70251E-04 0.03136 
   66   66    1    1    1    1    1    1    1    1  1.88153E-04 0.02897 
   67   67    1    1    1    1    1    1    1    1  2.07350E-04 0.03525 
   68   68    1    1    1    1    1    1    1    1  2.14056E-04 0.02967 
   69   69    1    1    1    1    1    1    1    1  2.48075E-04 0.02039 
   70   70    1    1    1    1    1    1    1    1  2.78628E-04 0.02206 
   71   71    1    1    1    1    1    1    1    1  2.92230E-04 0.01761 
   72   72    1    1    1    1    1    1    1    1  3.68683E-04 0.02432 
   73   73    1    1    1    1    1    1    1    1  4.02171E-04 0.01555 
   74   74    1    1    1    1    1    1    1    1  4.26902E-04 0.01702 
   75   75    1    1    1    1    1    1    1    1  5.11778E-04 0.02179 
   76   76    1    1    1    1    1    1    1    1  5.75398E-04 0.01979 
   77   77    1    1    1    1    1    1    1    1  6.48932E-04 0.01806 
   78   78    1    1    1    1    1    1    1    1  7.91442E-04 0.02114 
   79   79    1    1    1    1    1    1    1    1  8.05842E-04 0.01504 
   80   80    1    1    1    1    1    1    1    1  9.32685E-04 0.01693 
   81   81    1    1    1    1    1    1    1    1  2.58235E-03 0.00900 
   82   82    1    1    1    1    1    1    1    1  2.11402E-03 0.01124 
   83   83    1    1    1    1    1    1    1    1  2.06120E-03 0.01054 
   84   84    1    1    1    1    1    1    1    1  2.21042E-03 0.01253 
   85   85    1    1    1    1    1    1    1    1  2.39955E-03 0.00830 
   86   86    1    1    1    1    1    1    1    1  2.67502E-03 0.01143 
   87   87    1    1    1    1    1    1    1    1  2.92011E-03 0.01030 
   88   88    1    1    1    1    1    1    1    1  3.29168E-03 0.01104 
   89   89    1    1    1    1    1    1    1    1  3.46833E-03 0.00955 
   90   90    1    1    1    1    1    1    1    1  3.77315E-03 0.00925 
   91   91    1    1    1    1    1    1    1    1  4.49436E-03 0.00731 
   92   92    1    1    1    1    1    1    1    1  3.58459E-03 0.00935 
   93   93    1    1    1    1    1    1    1    1  4.12909E-03 0.00921 
   94   94    1    1    1    1    1    1    1    1  4.51415E-03 0.00766 
   95   95    1    1    1    1    1    1    1    1  5.13191E-03 0.00833 
   96   96    1    1    1    1    1    1    1    1  5.61424E-03 0.00760 
   97   97    1    1    1    1    1    1    1    1  6.46675E-03 0.00851 
   98   98    1    1    1    1    1    1    1    1  7.06875E-03 0.00689 
   99   99    1    1    1    1    1    1    1    1  7.90949E-03 0.00675 
  100  100    1    1    1    1    1    1    1    1  9.00427E-03 0.00616 
  101  101    1    1    1    1    1    1    1    1  9.96879E-03 0.00616 
  102  102    1    1    1    1    1    1    1    1  1.34257E-02 0.00487 
  103  103    1    1    1    1    1    1    1    1  2.08405E-02 0.00433 
  104  104    1    1    1    1    1    1    1    1  1.88462E-02 0.00469 
  105  105    1    1    1    1    1    1    1    1  2.00506E-02 0.00410 
  106  106    1    1    1    1    1    1    1    1  2.16245E-02 0.00491 
  107  107    1    1    1    1    1    1    1    1  2.38376E-02 0.00372 
  108  108    1    1    1    1    1    1    1    1  2.70111E-02 0.00422 
  109  109    1    1    1    1    1    1    1    1  3.00456E-02 0.00448 
