
DETEnergyDetector = [
    1    1    1    1    1    1    1    1    1    1  1.55969E-07 0.31964 
    2    2    1    1    1    1    1    1    1    1  1.71538E-08 1.00000 
    3    3    1    1    1    1    1    1    1    1  5.47639E-08 0.57154 
    4    4    1    1    1    1    1    1    1    1  5.53567E-08 0.57152 
    5    5    1    1    1    1    1    1    1    1  1.89454E-08 1.00000 
    6    6    1    1    1    1    1    1    1    1  0.00000E+00 0.00000 
    7    7    1    1    1    1    1    1    1    1  3.91811E-08 0.70386 
    8    8    1    1    1    1    1    1    1    1  1.88453E-07 0.31962 
    9    9    1    1    1    1    1    1    1    1  6.56702E-08 0.57149 
   10   10    1    1    1    1    1    1    1    1  2.19479E-08 1.00000 
   11   11    1    1    1    1    1    1    1    1  1.02000E-07 0.62949 
   12   12    1    1    1    1    1    1    1    1  9.36629E-08 0.49256 
   13   13    1    1    1    1    1    1    1    1  1.22689E-07 0.52384 
   14   14    1    1    1    1    1    1    1    1  1.50379E-07 0.39785 
   15   15    1    1    1    1    1    1    1    1  1.55488E-07 0.39789 
   16   16    1    1    1    1    1    1    1    1  3.17533E-07 0.27227 
   17   17    1    1    1    1    1    1    1    1  3.08185E-07 0.32020 
   18   18    1    1    1    1    1    1    1    1  3.91484E-07 0.26725 
   19   19    1    1    1    1    1    1    1    1  2.57506E-07 0.31964 
   20   20    1    1    1    1    1    1    1    1  4.42011E-07 0.27430 
   21   21    1    1    1    1    1    1    1    1  3.03410E-07 0.30155 
   22   22    1    1    1    1    1    1    1    1  1.45086E-06 0.16510 
   23   23    1    1    1    1    1    1    1    1  1.03838E-06 0.16589 
   24   24    1    1    1    1    1    1    1    1  2.33824E-06 0.49313 
   25   25    1    1    1    1    1    1    1    1  1.11776E-06 0.17269 
   26   26    1    1    1    1    1    1    1    1  1.82063E-06 0.13320 
   27   27    1    1    1    1    1    1    1    1  1.62239E-06 0.15776 
   28   28    1    1    1    1    1    1    1    1  1.61506E-06 0.16464 
   29   29    1    1    1    1    1    1    1    1  1.45312E-06 0.17470 
   30   30    1    1    1    1    1    1    1    1  2.34244E-06 0.11923 
   31   31    1    1    1    1    1    1    1    1  2.10590E-06 0.13552 
   32   32    1    1    1    1    1    1    1    1  2.20827E-06 0.13291 
   33   33    1    1    1    1    1    1    1    1  2.85803E-06 0.11440 
   34   34    1    1    1    1    1    1    1    1  3.06662E-06 0.12036 
   35   35    1    1    1    1    1    1    1    1  3.07954E-06 0.12583 
   36   36    1    1    1    1    1    1    1    1  4.44486E-06 0.10006 
   37   37    1    1    1    1    1    1    1    1  4.15165E-06 0.10185 
   38   38    1    1    1    1    1    1    1    1  4.82812E-06 0.09164 
   39   39    1    1    1    1    1    1    1    1  4.72264E-06 0.10554 
   40   40    1    1    1    1    1    1    1    1  7.72005E-06 0.22895 
   41   41    1    1    1    1    1    1    1    1  6.81772E-06 0.10268 
   42   42    1    1    1    1    1    1    1    1  8.41220E-06 0.07626 
   43   43    1    1    1    1    1    1    1    1  1.32044E-05 0.06825 
   44   44    1    1    1    1    1    1    1    1  1.12674E-05 0.06903 
   45   45    1    1    1    1    1    1    1    1  1.22582E-05 0.07558 
   46   46    1    1    1    1    1    1    1    1  1.99276E-05 0.05549 
   47   47    1    1    1    1    1    1    1    1  1.99808E-05 0.05629 
   48   48    1    1    1    1    1    1    1    1  2.02850E-05 0.05822 
   49   49    1    1    1    1    1    1    1    1  2.17631E-05 0.05262 
   50   50    1    1    1    1    1    1    1    1  2.51769E-05 0.04922 
   51   51    1    1    1    1    1    1    1    1  2.74778E-05 0.04625 
   52   52    1    1    1    1    1    1    1    1  3.70487E-05 0.07836 
   53   53    1    1    1    1    1    1    1    1  3.68258E-05 0.10093 
   54   54    1    1    1    1    1    1    1    1  3.72011E-05 0.08405 
   55   55    1    1    1    1    1    1    1    1  4.11741E-05 0.05241 
   56   56    1    1    1    1    1    1    1    1  4.69176E-05 0.03742 
   57   57    1    1    1    1    1    1    1    1  7.29803E-05 0.05000 
   58   58    1    1    1    1    1    1    1    1  7.37309E-05 0.04681 
   59   59    1    1    1    1    1    1    1    1  7.73469E-05 0.04665 
   60   60    1    1    1    1    1    1    1    1  7.84003E-05 0.03399 
   61   61    1    1    1    1    1    1    1    1  8.79348E-05 0.04671 
   62   62    1    1    1    1    1    1    1    1  9.80632E-05 0.02974 
   63   63    1    1    1    1    1    1    1    1  1.17944E-04 0.04061 
   64   64    1    1    1    1    1    1    1    1  1.15679E-04 0.02842 
   65   65    1    1    1    1    1    1    1    1  1.73004E-04 0.03127 
   66   66    1    1    1    1    1    1    1    1  1.94896E-04 0.02854 
   67   67    1    1    1    1    1    1    1    1  1.91183E-04 0.02895 
   68   68    1    1    1    1    1    1    1    1  2.11899E-04 0.02550 
   69   69    1    1    1    1    1    1    1    1  2.50097E-04 0.02459 
   70   70    1    1    1    1    1    1    1    1  2.67510E-04 0.02145 
   71   71    1    1    1    1    1    1    1    1  3.08727E-04 0.03031 
   72   72    1    1    1    1    1    1    1    1  3.68142E-04 0.02888 
   73   73    1    1    1    1    1    1    1    1  4.26079E-04 0.02208 
   74   74    1    1    1    1    1    1    1    1  4.30576E-04 0.01518 
   75   75    1    1    1    1    1    1    1    1  4.98064E-04 0.02340 
   76   76    1    1    1    1    1    1    1    1  5.57695E-04 0.01704 
   77   77    1    1    1    1    1    1    1    1  6.33591E-04 0.01706 
   78   78    1    1    1    1    1    1    1    1  7.53603E-04 0.01522 
   79   79    1    1    1    1    1    1    1    1  8.45236E-04 0.01559 
   80   80    1    1    1    1    1    1    1    1  9.32708E-04 0.01660 
   81   81    1    1    1    1    1    1    1    1  2.59285E-03 0.00907 
   82   82    1    1    1    1    1    1    1    1  2.03554E-03 0.01059 
   83   83    1    1    1    1    1    1    1    1  2.06128E-03 0.01071 
   84   84    1    1    1    1    1    1    1    1  2.15008E-03 0.00920 
   85   85    1    1    1    1    1    1    1    1  2.41891E-03 0.00979 
   86   86    1    1    1    1    1    1    1    1  2.61726E-03 0.00943 
   87   87    1    1    1    1    1    1    1    1  2.84493E-03 0.00767 
   88   88    1    1    1    1    1    1    1    1  3.30441E-03 0.00839 
   89   89    1    1    1    1    1    1    1    1  3.41232E-03 0.00780 
   90   90    1    1    1    1    1    1    1    1  3.73916E-03 0.01028 
   91   91    1    1    1    1    1    1    1    1  4.53502E-03 0.00845 
   92   92    1    1    1    1    1    1    1    1  3.57843E-03 0.00965 
   93   93    1    1    1    1    1    1    1    1  4.10136E-03 0.00961 
   94   94    1    1    1    1    1    1    1    1  4.47874E-03 0.00928 
   95   95    1    1    1    1    1    1    1    1  5.12072E-03 0.00781 
   96   96    1    1    1    1    1    1    1    1  5.68672E-03 0.00710 
   97   97    1    1    1    1    1    1    1    1  6.40545E-03 0.00776 
   98   98    1    1    1    1    1    1    1    1  7.13916E-03 0.00729 
   99   99    1    1    1    1    1    1    1    1  7.81983E-03 0.00682 
  100  100    1    1    1    1    1    1    1    1  8.84594E-03 0.00628 
  101  101    1    1    1    1    1    1    1    1  9.87636E-03 0.00677 
  102  102    1    1    1    1    1    1    1    1  1.34172E-02 0.00522 
  103  103    1    1    1    1    1    1    1    1  2.08086E-02 0.00376 
  104  104    1    1    1    1    1    1    1    1  1.88115E-02 0.00431 
  105  105    1    1    1    1    1    1    1    1  1.98397E-02 0.00433 
  106  106    1    1    1    1    1    1    1    1  2.14483E-02 0.00392 
  107  107    1    1    1    1    1    1    1    1  2.38311E-02 0.00439 
  108  108    1    1    1    1    1    1    1    1  2.65992E-02 0.00387 
  109  109    1    1    1    1    1    1    1    1  2.98896E-02 0.00385 
