
DETEnergyDetector = [
    1    1    1    1    1    1    1    1    1    1  1.68823E-07 0.30251 
    2    2    1    1    1    1    1    1    1    1  1.85636E-08 1.00000 
    3    3    1    1    1    1    1    1    1    1  5.50610E-08 0.57155 
    4    4    1    1    1    1    1    1    1    1  7.60547E-08 0.49241 
    5    5    1    1    1    1    1    1    1    1  3.84791E-08 0.70353 
    6    6    1    1    1    1    1    1    1    1  0.00000E+00 0.00000 
    7    7    1    1    1    1    1    1    1    1  5.92904E-08 0.57175 
    8    8    1    1    1    1    1    1    1    1  4.29906E-08 0.70353 
    9    9    1    1    1    1    1    1    1    1  1.87111E-08 1.00000 
   10   10    1    1    1    1    1    1    1    1  1.44366E-07 0.48077 
   11   11    1    1    1    1    1    1    1    1  1.37956E-07 0.46306 
   12   12    1    1    1    1    1    1    1    1  2.62446E-07 0.28590 
   13   13    1    1    1    1    1    1    1    1  2.58853E-07 0.31779 
   14   14    1    1    1    1    1    1    1    1  1.49428E-07 0.39785 
   15   15    1    1    1    1    1    1    1    1  3.58101E-07 0.28826 
   16   16    1    1    1    1    1    1    1    1  2.36091E-07 0.31966 
   17   17    1    1    1    1    1    1    1    1  3.82265E-07 0.24943 
   18   18    1    1    1    1    1    1    1    1  2.79870E-07 0.33335 
   19   19    1    1    1    1    1    1    1    1  4.77377E-07 0.25236 
   20   20    1    1    1    1    1    1    1    1  1.85384E-06 0.54889 
   21   21    1    1    1    1    1    1    1    1  5.41000E-07 0.23001 
   22   22    1    1    1    1    1    1    1    1  1.34209E-06 0.15257 
   23   23    1    1    1    1    1    1    1    1  9.98791E-07 0.17710 
   24   24    1    1    1    1    1    1    1    1  1.11698E-06 0.16917 
   25   25    1    1    1    1    1    1    1    1  1.52184E-06 0.16550 
   26   26    1    1    1    1    1    1    1    1  1.41820E-06 0.14673 
   27   27    1    1    1    1    1    1    1    1  1.29128E-06 0.15251 
   28   28    1    1    1    1    1    1    1    1  2.06782E-06 0.13910 
   29   29    1    1    1    1    1    1    1    1  1.92209E-06 0.14927 
   30   30    1    1    1    1    1    1    1    1  1.51704E-06 0.15430 
   31   31    1    1    1    1    1    1    1    1  2.82130E-06 0.10977 
   32   32    1    1    1    1    1    1    1    1  2.88813E-06 0.11335 
   33   33    1    1    1    1    1    1    1    1  2.83149E-06 0.12552 
   34   34    1    1    1    1    1    1    1    1  3.17015E-06 0.11763 
   35   35    1    1    1    1    1    1    1    1  3.86240E-06 0.10434 
   36   36    1    1    1    1    1    1    1    1  4.07668E-06 0.10185 
   37   37    1    1    1    1    1    1    1    1  4.23022E-06 0.09628 
   38   38    1    1    1    1    1    1    1    1  4.74866E-06 0.10570 
   39   39    1    1    1    1    1    1    1    1  5.50667E-06 0.09857 
   40   40    1    1    1    1    1    1    1    1  7.01748E-06 0.09957 
   41   41    1    1    1    1    1    1    1    1  7.18649E-06 0.08308 
   42   42    1    1    1    1    1    1    1    1  9.25059E-06 0.07990 
   43   43    1    1    1    1    1    1    1    1  1.45708E-05 0.05520 
   44   44    1    1    1    1    1    1    1    1  1.51323E-05 0.13869 
   45   45    1    1    1    1    1    1    1    1  1.45474E-05 0.06468 
   46   46    1    1    1    1    1    1    1    1  2.01369E-05 0.05746 
   47   47    1    1    1    1    1    1    1    1  2.03986E-05 0.05643 
   48   48    1    1    1    1    1    1    1    1  2.12589E-05 0.05608 
   49   49    1    1    1    1    1    1    1    1  2.51480E-05 0.09464 
   50   50    1    1    1    1    1    1    1    1  2.70633E-05 0.09992 
   51   51    1    1    1    1    1    1    1    1  3.07707E-05 0.08601 
   52   52    1    1    1    1    1    1    1    1  3.55007E-05 0.03983 
   53   53    1    1    1    1    1    1    1    1  3.22979E-05 0.04925 
   54   54    1    1    1    1    1    1    1    1  3.57822E-05 0.04678 
   55   55    1    1    1    1    1    1    1    1  4.35993E-05 0.04059 
   56   56    1    1    1    1    1    1    1    1  4.50912E-05 0.03901 
   57   57    1    1    1    1    1    1    1    1  7.30545E-05 0.05046 
   58   58    1    1    1    1    1    1    1    1  6.82775E-05 0.03437 
   59   59    1    1    1    1    1    1    1    1  7.34888E-05 0.05190 
   60   60    1    1    1    1    1    1    1    1  8.70555E-05 0.04473 
   61   61    1    1    1    1    1    1    1    1  9.44285E-05 0.04530 
   62   62    1    1    1    1    1    1    1    1  1.12608E-04 0.04755 
   63   63    1    1    1    1    1    1    1    1  1.09573E-04 0.03208 
   64   64    1    1    1    1    1    1    1    1  1.14325E-04 0.02765 
   65   65    1    1    1    1    1    1    1    1  1.74961E-04 0.03118 
   66   66    1    1    1    1    1    1    1    1  1.95273E-04 0.03074 
   67   67    1    1    1    1    1    1    1    1  1.94580E-04 0.03422 
   68   68    1    1    1    1    1    1    1    1  2.07543E-04 0.01870 
   69   69    1    1    1    1    1    1    1    1  2.58533E-04 0.03102 
   70   70    1    1    1    1    1    1    1    1  2.85328E-04 0.01756 
   71   71    1    1    1    1    1    1    1    1  3.07254E-04 0.02226 
   72   72    1    1    1    1    1    1    1    1  3.78504E-04 0.03166 
   73   73    1    1    1    1    1    1    1    1  3.95830E-04 0.02169 
   74   74    1    1    1    1    1    1    1    1  4.47994E-04 0.02043 
   75   75    1    1    1    1    1    1    1    1  5.26171E-04 0.02317 
   76   76    1    1    1    1    1    1    1    1  5.86779E-04 0.02264 
   77   77    1    1    1    1    1    1    1    1  6.53536E-04 0.02224 
   78   78    1    1    1    1    1    1    1    1  7.68024E-04 0.01490 
   79   79    1    1    1    1    1    1    1    1  8.29673E-04 0.01414 
   80   80    1    1    1    1    1    1    1    1  9.17432E-04 0.01734 
   81   81    1    1    1    1    1    1    1    1  2.61346E-03 0.01114 
   82   82    1    1    1    1    1    1    1    1  2.06432E-03 0.00883 
   83   83    1    1    1    1    1    1    1    1  2.04743E-03 0.01245 
   84   84    1    1    1    1    1    1    1    1  2.19806E-03 0.01040 
   85   85    1    1    1    1    1    1    1    1  2.38394E-03 0.01049 
   86   86    1    1    1    1    1    1    1    1  2.61395E-03 0.00978 
   87   87    1    1    1    1    1    1    1    1  2.88537E-03 0.00928 
   88   88    1    1    1    1    1    1    1    1  3.25244E-03 0.00829 
   89   89    1    1    1    1    1    1    1    1  3.43117E-03 0.00870 
   90   90    1    1    1    1    1    1    1    1  3.71150E-03 0.00832 
   91   91    1    1    1    1    1    1    1    1  4.49723E-03 0.00876 
   92   92    1    1    1    1    1    1    1    1  3.62841E-03 0.00878 
   93   93    1    1    1    1    1    1    1    1  4.15901E-03 0.00891 
   94   94    1    1    1    1    1    1    1    1  4.59394E-03 0.00939 
   95   95    1    1    1    1    1    1    1    1  5.10041E-03 0.00748 
   96   96    1    1    1    1    1    1    1    1  5.70530E-03 0.00684 
   97   97    1    1    1    1    1    1    1    1  6.45696E-03 0.00660 
   98   98    1    1    1    1    1    1    1    1  7.21813E-03 0.00776 
   99   99    1    1    1    1    1    1    1    1  7.96962E-03 0.00607 
  100  100    1    1    1    1    1    1    1    1  9.06215E-03 0.00653 
  101  101    1    1    1    1    1    1    1    1  1.00044E-02 0.00514 
  102  102    1    1    1    1    1    1    1    1  1.35047E-02 0.00597 
  103  103    1    1    1    1    1    1    1    1  2.08521E-02 0.00431 
  104  104    1    1    1    1    1    1    1    1  1.90078E-02 0.00420 
  105  105    1    1    1    1    1    1    1    1  2.00500E-02 0.00401 
  106  106    1    1    1    1    1    1    1    1  2.14900E-02 0.00477 
  107  107    1    1    1    1    1    1    1    1  2.39943E-02 0.00432 
  108  108    1    1    1    1    1    1    1    1  2.68451E-02 0.00392 
  109  109    1    1    1    1    1    1    1    1  3.00852E-02 0.00335 
