
DETEnergyDetector = [
    1    1    1    1    1    1    1    1    1    1  8.64302E-08 0.43812 
    2    2    1    1    1    1    1    1    1    1  1.73278E-08 1.00000 
    3    3    1    1    1    1    1    1    1    1  9.08401E-08 0.43813 
    4    4    1    1    1    1    1    1    1    1  1.96153E-08 1.00000 
    5    5    1    1    1    1    1    1    1    1  0.00000E+00 0.00000 
    6    6    1    1    1    1    1    1    1    1  1.97617E-08 1.00000 
    7    7    1    1    1    1    1    1    1    1  1.01335E-07 0.52325 
    8    8    1    1    1    1    1    1    1    1  2.08890E-08 1.00000 
    9    9    1    1    1    1    1    1    1    1  4.34857E-08 0.70353 
   10   10    1    1    1    1    1    1    1    1  6.65798E-08 0.57152 
   11   11    1    1    1    1    1    1    1    1  1.15373E-07 0.51969 
   12   12    1    1    1    1    1    1    1    1  2.39985E-07 0.33375 
   13   13    1    1    1    1    1    1    1    1  1.21128E-07 0.43818 
   14   14    1    1    1    1    1    1    1    1  2.48434E-07 0.30158 
   15   15    1    1    1    1    1    1    1    1  1.54848E-07 0.39787 
   16   16    1    1    1    1    1    1    1    1  2.41098E-07 0.31966 
   17   17    1    1    1    1    1    1    1    1  4.65192E-07 0.22214 
   18   18    1    1    1    1    1    1    1    1  4.19390E-07 0.23929 
   19   19    1    1    1    1    1    1    1    1  2.01103E-07 0.36637 
   20   20    1    1    1    1    1    1    1    1  4.99811E-07 0.22213 
   21   21    1    1    1    1    1    1    1    1  3.63189E-07 0.27223 
   22   22    1    1    1    1    1    1    1    1  1.01593E-06 0.16799 
   23   23    1    1    1    1    1    1    1    1  1.29091E-06 0.13234 
   24   24    1    1    1    1    1    1    1    1  1.96309E-06 0.59649 
   25   25    1    1    1    1    1    1    1    1  1.34957E-06 0.16923 
   26   26    1    1    1    1    1    1    1    1  1.56955E-06 0.14597 
   27   27    1    1    1    1    1    1    1    1  1.54169E-06 0.17232 
   28   28    1    1    1    1    1    1    1    1  2.20899E-06 0.13419 
   29   29    1    1    1    1    1    1    1    1  1.82509E-06 0.14940 
   30   30    1    1    1    1    1    1    1    1  1.99196E-06 0.13841 
   31   31    1    1    1    1    1    1    1    1  2.27061E-06 0.13004 
   32   32    1    1    1    1    1    1    1    1  2.37092E-06 0.13891 
   33   33    1    1    1    1    1    1    1    1  2.18531E-06 0.14020 
   34   34    1    1    1    1    1    1    1    1  2.96321E-06 0.12530 
   35   35    1    1    1    1    1    1    1    1  2.97722E-06 0.13056 
   36   36    1    1    1    1    1    1    1    1  3.43074E-06 0.11154 
   37   37    1    1    1    1    1    1    1    1  5.22898E-06 0.10267 
   38   38    1    1    1    1    1    1    1    1  5.12074E-06 0.10278 
   39   39    1    1    1    1    1    1    1    1  5.57985E-06 0.11253 
   40   40    1    1    1    1    1    1    1    1  6.75579E-06 0.07339 
   41   41    1    1    1    1    1    1    1    1  7.77010E-06 0.08184 
   42   42    1    1    1    1    1    1    1    1  8.45832E-06 0.08943 
   43   43    1    1    1    1    1    1    1    1  1.23223E-05 0.06364 
   44   44    1    1    1    1    1    1    1    1  1.43270E-05 0.06151 
   45   45    1    1    1    1    1    1    1    1  1.42554E-05 0.06402 
   46   46    1    1    1    1    1    1    1    1  2.03990E-05 0.05594 
   47   47    1    1    1    1    1    1    1    1  2.02804E-05 0.04907 
   48   48    1    1    1    1    1    1    1    1  2.34498E-05 0.09726 
   49   49    1    1    1    1    1    1    1    1  2.30997E-05 0.05485 
   50   50    1    1    1    1    1    1    1    1  2.46026E-05 0.05297 
   51   51    1    1    1    1    1    1    1    1  2.92160E-05 0.05292 
   52   52    1    1    1    1    1    1    1    1  3.15876E-05 0.04798 
   53   53    1    1    1    1    1    1    1    1  3.31315E-05 0.08922 
   54   54    1    1    1    1    1    1    1    1  3.44982E-05 0.04450 
   55   55    1    1    1    1    1    1    1    1  4.93867E-05 0.08180 
   56   56    1    1    1    1    1    1    1    1  4.51915E-05 0.04551 
   57   57    1    1    1    1    1    1    1    1  7.07241E-05 0.05394 
   58   58    1    1    1    1    1    1    1    1  6.79735E-05 0.03555 
   59   59    1    1    1    1    1    1    1    1  7.95819E-05 0.04874 
   60   60    1    1    1    1    1    1    1    1  8.18537E-05 0.03221 
   61   61    1    1    1    1    1    1    1    1  8.74683E-05 0.03093 
   62   62    1    1    1    1    1    1    1    1  1.00537E-04 0.02905 
   63   63    1    1    1    1    1    1    1    1  1.18468E-04 0.03917 
   64   64    1    1    1    1    1    1    1    1  1.19552E-04 0.04261 
   65   65    1    1    1    1    1    1    1    1  1.71463E-04 0.02822 
   66   66    1    1    1    1    1    1    1    1  1.89394E-04 0.02319 
   67   67    1    1    1    1    1    1    1    1  1.91285E-04 0.03004 
   68   68    1    1    1    1    1    1    1    1  2.13294E-04 0.03539 
   69   69    1    1    1    1    1    1    1    1  2.49055E-04 0.02075 
   70   70    1    1    1    1    1    1    1    1  2.69552E-04 0.02135 
   71   71    1    1    1    1    1    1    1    1  3.16370E-04 0.02314 
   72   72    1    1    1    1    1    1    1    1  3.64290E-04 0.02285 
   73   73    1    1    1    1    1    1    1    1  4.10602E-04 0.02489 
   74   74    1    1    1    1    1    1    1    1  4.38829E-04 0.01901 
   75   75    1    1    1    1    1    1    1    1  4.89509E-04 0.01829 
   76   76    1    1    1    1    1    1    1    1  5.73682E-04 0.02138 
   77   77    1    1    1    1    1    1    1    1  6.23525E-04 0.01684 
   78   78    1    1    1    1    1    1    1    1  7.62973E-04 0.01677 
   79   79    1    1    1    1    1    1    1    1  8.45032E-04 0.01970 
   80   80    1    1    1    1    1    1    1    1  8.78473E-04 0.01402 
   81   81    1    1    1    1    1    1    1    1  2.55847E-03 0.00987 
   82   82    1    1    1    1    1    1    1    1  2.04623E-03 0.01009 
   83   83    1    1    1    1    1    1    1    1  2.01769E-03 0.01046 
   84   84    1    1    1    1    1    1    1    1  2.18320E-03 0.01081 
   85   85    1    1    1    1    1    1    1    1  2.37490E-03 0.00924 
   86   86    1    1    1    1    1    1    1    1  2.62492E-03 0.00941 
   87   87    1    1    1    1    1    1    1    1  2.83696E-03 0.01016 
   88   88    1    1    1    1    1    1    1    1  3.25541E-03 0.00913 
   89   89    1    1    1    1    1    1    1    1  3.41787E-03 0.00962 
   90   90    1    1    1    1    1    1    1    1  3.68601E-03 0.00848 
   91   91    1    1    1    1    1    1    1    1  4.49195E-03 0.00966 
   92   92    1    1    1    1    1    1    1    1  3.53751E-03 0.00875 
   93   93    1    1    1    1    1    1    1    1  4.10555E-03 0.00919 
   94   94    1    1    1    1    1    1    1    1  4.46916E-03 0.00925 
   95   95    1    1    1    1    1    1    1    1  5.04311E-03 0.00760 
   96   96    1    1    1    1    1    1    1    1  5.56179E-03 0.00794 
   97   97    1    1    1    1    1    1    1    1  6.34962E-03 0.00616 
   98   98    1    1    1    1    1    1    1    1  6.99747E-03 0.00720 
   99   99    1    1    1    1    1    1    1    1  7.87449E-03 0.00762 
  100  100    1    1    1    1    1    1    1    1  8.85393E-03 0.00552 
  101  101    1    1    1    1    1    1    1    1  9.79748E-03 0.00651 
  102  102    1    1    1    1    1    1    1    1  1.31277E-02 0.00487 
  103  103    1    1    1    1    1    1    1    1  2.08370E-02 0.00468 
  104  104    1    1    1    1    1    1    1    1  1.88193E-02 0.00490 
  105  105    1    1    1    1    1    1    1    1  1.96572E-02 0.00402 
  106  106    1    1    1    1    1    1    1    1  2.14159E-02 0.00514 
  107  107    1    1    1    1    1    1    1    1  2.36587E-02 0.00434 
  108  108    1    1    1    1    1    1    1    1  2.66010E-02 0.00390 
  109  109    1    1    1    1    1    1    1    1  3.00183E-02 0.00413 
