
DETEnergyDetector = [
    1    1    1    1    1    1    1    1    1    1  1.27996E-07 0.43537 
    2    2    1    1    1    1    1    1    1    1  1.76394E-08 1.00000 
    3    3    1    1    1    1    1    1    1    1  5.36634E-08 0.57192 
    4    4    1    1    1    1    1    1    1    1  0.00000E+00 0.00000 
    5    5    1    1    1    1    1    1    1    1  1.97590E-08 1.00000 
    6    6    1    1    1    1    1    1    1    1  0.00000E+00 0.00000 
    7    7    1    1    1    1    1    1    1    1  7.84729E-07 0.89863 
    8    8    1    1    1    1    1    1    1    1  4.21366E-08 0.70359 
    9    9    1    1    1    1    1    1    1    1  8.67059E-08 0.49277 
   10   10    1    1    1    1    1    1    1    1  6.75986E-08 0.57150 
   11   11    1    1    1    1    1    1    1    1  4.60576E-08 0.70354 
   12   12    1    1    1    1    1    1    1    1  9.38900E-08 0.49243 
   13   13    1    1    1    1    1    1    1    1  2.44099E-07 0.33313 
   14   14    1    1    1    1    1    1    1    1  1.25715E-07 0.43826 
   15   15    1    1    1    1    1    1    1    1  2.52225E-07 0.30164 
   16   16    1    1    1    1    1    1    1    1  2.11147E-07 0.34087 
   17   17    1    1    1    1    1    1    1    1  3.26482E-07 0.29702 
   18   18    1    1    1    1    1    1    1    1  3.63015E-07 0.28098 
   19   19    1    1    1    1    1    1    1    1  3.99401E-07 0.24914 
   20   20    1    1    1    1    1    1    1    1  5.58872E-07 0.23383 
   21   21    1    1    1    1    1    1    1    1  1.65620E-06 0.60924 
   22   22    1    1    1    1    1    1    1    1  1.43620E-06 0.14289 
   23   23    1    1    1    1    1    1    1    1  1.59664E-06 0.13552 
   24   24    1    1    1    1    1    1    1    1  1.22161E-06 0.18074 
   25   25    1    1    1    1    1    1    1    1  1.32463E-06 0.14528 
   26   26    1    1    1    1    1    1    1    1  1.49470E-06 0.14884 
   27   27    1    1    1    1    1    1    1    1  1.11143E-06 0.17077 
   28   28    1    1    1    1    1    1    1    1  1.95268E-06 0.12414 
   29   29    1    1    1    1    1    1    1    1  2.27950E-06 0.12956 
   30   30    1    1    1    1    1    1    1    1  1.79295E-06 0.14288 
   31   31    1    1    1    1    1    1    1    1  1.99093E-06 0.12897 
   32   32    1    1    1    1    1    1    1    1  2.62909E-06 0.11702 
   33   33    1    1    1    1    1    1    1    1  2.33084E-06 0.13362 
   34   34    1    1    1    1    1    1    1    1  2.62063E-06 0.13285 
   35   35    1    1    1    1    1    1    1    1  3.52048E-06 0.11104 
   36   36    1    1    1    1    1    1    1    1  3.67688E-06 0.11585 
   37   37    1    1    1    1    1    1    1    1  4.22791E-06 0.10174 
   38   38    1    1    1    1    1    1    1    1  5.40483E-06 0.09623 
   39   39    1    1    1    1    1    1    1    1  6.34324E-06 0.09415 
   40   40    1    1    1    1    1    1    1    1  6.61311E-06 0.09137 
   41   41    1    1    1    1    1    1    1    1  5.92182E-06 0.10492 
   42   42    1    1    1    1    1    1    1    1  9.25927E-06 0.07945 
   43   43    1    1    1    1    1    1    1    1  1.22282E-05 0.06184 
   44   44    1    1    1    1    1    1    1    1  1.42582E-05 0.06249 
   45   45    1    1    1    1    1    1    1    1  1.56173E-05 0.06437 
   46   46    1    1    1    1    1    1    1    1  2.03113E-05 0.06260 
   47   47    1    1    1    1    1    1    1    1  2.11997E-05 0.05656 
   48   48    1    1    1    1    1    1    1    1  2.12748E-05 0.05599 
   49   49    1    1    1    1    1    1    1    1  2.38647E-05 0.05218 
   50   50    1    1    1    1    1    1    1    1  2.44609E-05 0.05893 
   51   51    1    1    1    1    1    1    1    1  3.00742E-05 0.05314 
   52   52    1    1    1    1    1    1    1    1  3.31672E-05 0.04640 
   53   53    1    1    1    1    1    1    1    1  3.42359E-05 0.04588 
   54   54    1    1    1    1    1    1    1    1  3.72083E-05 0.04341 
   55   55    1    1    1    1    1    1    1    1  4.58364E-05 0.06950 
   56   56    1    1    1    1    1    1    1    1  4.56965E-05 0.04444 
   57   57    1    1    1    1    1    1    1    1  6.98114E-05 0.05003 
   58   58    1    1    1    1    1    1    1    1  7.10681E-05 0.03701 
   59   59    1    1    1    1    1    1    1    1  7.20913E-05 0.03634 
   60   60    1    1    1    1    1    1    1    1  8.37058E-05 0.04662 
   61   61    1    1    1    1    1    1    1    1  8.86717E-05 0.02993 
   62   62    1    1    1    1    1    1    1    1  1.03859E-04 0.04366 
   63   63    1    1    1    1    1    1    1    1  1.16828E-04 0.04771 
   64   64    1    1    1    1    1    1    1    1  1.25461E-04 0.02608 
   65   65    1    1    1    1    1    1    1    1  1.62160E-04 0.02598 
   66   66    1    1    1    1    1    1    1    1  1.87162E-04 0.02206 
   67   67    1    1    1    1    1    1    1    1  1.82205E-04 0.02317 
   68   68    1    1    1    1    1    1    1    1  2.09899E-04 0.03031 
   69   69    1    1    1    1    1    1    1    1  2.69414E-04 0.03459 
   70   70    1    1    1    1    1    1    1    1  2.61757E-04 0.02284 
   71   71    1    1    1    1    1    1    1    1  3.14256E-04 0.03388 
   72   72    1    1    1    1    1    1    1    1  3.71307E-04 0.02114 
   73   73    1    1    1    1    1    1    1    1  4.01154E-04 0.02411 
   74   74    1    1    1    1    1    1    1    1  4.39116E-04 0.01903 
   75   75    1    1    1    1    1    1    1    1  5.12238E-04 0.02180 
   76   76    1    1    1    1    1    1    1    1  5.55485E-04 0.01689 
   77   77    1    1    1    1    1    1    1    1  6.33294E-04 0.01829 
   78   78    1    1    1    1    1    1    1    1  7.88499E-04 0.01559 
   79   79    1    1    1    1    1    1    1    1  8.46246E-04 0.01737 
   80   80    1    1    1    1    1    1    1    1  9.39298E-04 0.01789 
   81   81    1    1    1    1    1    1    1    1  2.59459E-03 0.00900 
   82   82    1    1    1    1    1    1    1    1  2.07434E-03 0.01317 
   83   83    1    1    1    1    1    1    1    1  2.04996E-03 0.01066 
   84   84    1    1    1    1    1    1    1    1  2.18232E-03 0.01191 
   85   85    1    1    1    1    1    1    1    1  2.43769E-03 0.01107 
   86   86    1    1    1    1    1    1    1    1  2.64535E-03 0.01035 
   87   87    1    1    1    1    1    1    1    1  2.88936E-03 0.00993 
   88   88    1    1    1    1    1    1    1    1  3.27849E-03 0.00916 
   89   89    1    1    1    1    1    1    1    1  3.40474E-03 0.00968 
   90   90    1    1    1    1    1    1    1    1  3.73345E-03 0.00866 
   91   91    1    1    1    1    1    1    1    1  4.56151E-03 0.00856 
   92   92    1    1    1    1    1    1    1    1  3.61351E-03 0.00933 
   93   93    1    1    1    1    1    1    1    1  4.02120E-03 0.00870 
   94   94    1    1    1    1    1    1    1    1  4.53491E-03 0.00899 
   95   95    1    1    1    1    1    1    1    1  5.06003E-03 0.00781 
   96   96    1    1    1    1    1    1    1    1  5.61928E-03 0.00770 
   97   97    1    1    1    1    1    1    1    1  6.38783E-03 0.00668 
   98   98    1    1    1    1    1    1    1    1  7.01084E-03 0.00653 
   99   99    1    1    1    1    1    1    1    1  7.82959E-03 0.00693 
  100  100    1    1    1    1    1    1    1    1  8.84573E-03 0.00613 
  101  101    1    1    1    1    1    1    1    1  9.87162E-03 0.00571 
  102  102    1    1    1    1    1    1    1    1  1.34135E-02 0.00469 
  103  103    1    1    1    1    1    1    1    1  2.08508E-02 0.00396 
  104  104    1    1    1    1    1    1    1    1  1.88710E-02 0.00428 
  105  105    1    1    1    1    1    1    1    1  1.98703E-02 0.00458 
  106  106    1    1    1    1    1    1    1    1  2.14806E-02 0.00412 
  107  107    1    1    1    1    1    1    1    1  2.38862E-02 0.00431 
  108  108    1    1    1    1    1    1    1    1  2.67506E-02 0.00383 
  109  109    1    1    1    1    1    1    1    1  2.98614E-02 0.00356 
