TIME = [
   1  1.39100E+00
   2  2.03100E+00
   3  2.43500E+00
   4  2.82200E+00
   5  3.21200E+00
   6  3.60900E+00
   7  3.99600E+00
   8  4.38600E+00
   9  4.76800E+00
  10  5.15700E+00
  11  5.55000E+00
  12  5.95000E+00
  13  6.34400E+00
  14  6.73700E+00
  15  7.14000E+00
  16  7.53300E+00
  17  7.92600E+00
  18  8.32700E+00
  19  8.71300E+00
  20  9.11500E+00

% ----- Begin active cycles -----

   1  9.66200E+00
   2  1.01940E+01
   3  1.07560E+01
   4  1.13090E+01
   5  1.18620E+01
   6  1.24180E+01
   7  1.29680E+01
   8  1.35190E+01
   9  1.41110E+01
  10  1.46980E+01
  11  1.52690E+01
  12  1.58360E+01
  13  1.63870E+01
  14  1.69340E+01
  15  1.75080E+01
  16  1.80750E+01
  17  1.86560E+01
  18  1.92360E+01
  19  1.98230E+01
  20  2.03960E+01
  21  2.09450E+01
  22  2.14740E+01
  23  2.20340E+01
  24  2.26080E+01
  25  2.31670E+01
  26  2.37370E+01
  27  2.42830E+01
  28  2.48410E+01
  29  2.54050E+01
  30  2.59420E+01
  31  2.64580E+01
  32  2.70130E+01
  33  2.75420E+01
  34  2.80530E+01
  35  2.85900E+01
  36  2.91150E+01
  37  2.96490E+01
  38  3.01730E+01
  39  3.07210E+01
  40  3.12440E+01
  41  3.17700E+01
  42  3.23320E+01
  43  3.28580E+01
  44  3.33920E+01
  45  3.39150E+01
  46  3.44590E+01
  47  3.49720E+01
  48  3.55080E+01
  49  3.60560E+01
  50  3.66190E+01
  51  3.71700E+01
  52  3.77490E+01
  53  3.82910E+01
  54  3.88670E+01
  55  3.94140E+01
  56  3.99760E+01
  57  4.05270E+01
  58  4.11030E+01
  59  4.16290E+01
  60  4.21980E+01
  61  4.27550E+01
  62  4.32940E+01
  63  4.38540E+01
  64  4.43890E+01
  65  4.49560E+01
  66  4.55090E+01
  67  4.60570E+01
  68  4.66150E+01
  69  4.71800E+01
  70  4.77450E+01
  71  4.82780E+01
  72  4.88160E+01
  73  4.93810E+01
  74  4.99140E+01
  75  5.04750E+01
  76  5.09930E+01
  77  5.15430E+01
  78  5.20690E+01
  79  5.26420E+01
  80  5.31970E+01
  81  5.37270E+01
  82  5.42860E+01
  83  5.48330E+01
  84  5.53820E+01
  85  5.59280E+01
  86  5.64880E+01
  87  5.70230E+01
  88  5.75950E+01
  89  5.81390E+01
  90  5.86930E+01
  91  5.92090E+01
  92  5.97780E+01
  93  6.02940E+01
  94  6.08640E+01
  95  6.14200E+01
  96  6.19410E+01
  97  6.24830E+01
  98  6.30090E+01
  99  6.35620E+01
];

HIS_IMP_KEFF = [
   1  1.61581E+00 1.61581E+00 0.00000  
   2  1.61232E+00 1.61407E+00 0.00108  
   3  1.61577E+00 1.61463E+00 0.00072  
   4  1.61716E+00 1.61527E+00 0.00064  
   5  1.60834E+00 1.61388E+00 0.00099  
   6  1.61327E+00 1.61378E+00 0.00081  
   7  1.61855E+00 1.61446E+00 0.00080  
   8  1.62088E+00 1.61526E+00 0.00086  
   9  1.61896E+00 1.61567E+00 0.00080  
  10  1.61396E+00 1.61550E+00 0.00072  
  11  1.61519E+00 1.61547E+00 0.00065  
  12  1.61216E+00 1.61520E+00 0.00062  
  13  1.61183E+00 1.61494E+00 0.00059  
  14  1.61157E+00 1.61470E+00 0.00057  
  15  1.61564E+00 1.61476E+00 0.00053  
  16  1.61087E+00 1.61452E+00 0.00052  
  17  1.61117E+00 1.61432E+00 0.00050  
  18  1.61891E+00 1.61458E+00 0.00050  
  19  1.61615E+00 1.61466E+00 0.00047  
  20  1.61165E+00 1.61451E+00 0.00046  

% ----- Begin active cycles -----

   1  1.61448E+00 1.61448E+00 0.00000  
   2  1.61483E+00 1.61466E+00 0.00011  
   3  1.60952E+00 1.61295E+00 0.00106  
   4  1.61243E+00 1.61282E+00 0.00076  
   5  1.61156E+00 1.61256E+00 0.00061  
   6  1.61591E+00 1.61312E+00 0.00060  
   7  1.61304E+00 1.61311E+00 0.00051  
   8  1.61907E+00 1.61386E+00 0.00064  
   9  1.61894E+00 1.61442E+00 0.00066  
  10  1.62020E+00 1.61500E+00 0.00069  
  11  1.61550E+00 1.61504E+00 0.00063  
  12  1.61379E+00 1.61494E+00 0.00058  
  13  1.61292E+00 1.61478E+00 0.00054  
  14  1.61390E+00 1.61472E+00 0.00050  
  15  1.61195E+00 1.61454E+00 0.00048  
  16  1.61526E+00 1.61458E+00 0.00045  
  17  1.61279E+00 1.61448E+00 0.00043  
  18  1.60631E+00 1.61402E+00 0.00049  
  19  1.61482E+00 1.61406E+00 0.00047  
  20  1.61932E+00 1.61433E+00 0.00047  
  21  1.61711E+00 1.61446E+00 0.00045  
  22  1.62103E+00 1.61476E+00 0.00047  
  23  1.61023E+00 1.61456E+00 0.00047  
  24  1.61265E+00 1.61448E+00 0.00045  
  25  1.61346E+00 1.61444E+00 0.00043  
  26  1.61951E+00 1.61464E+00 0.00043  
  27  1.61231E+00 1.61455E+00 0.00042  
  28  1.61458E+00 1.61455E+00 0.00040  
  29  1.61687E+00 1.61463E+00 0.00039  
  30  1.61517E+00 1.61465E+00 0.00038  
  31  1.61800E+00 1.61476E+00 0.00037  
  32  1.61315E+00 1.61471E+00 0.00036  
  33  1.61569E+00 1.61474E+00 0.00035  
  34  1.62297E+00 1.61498E+00 0.00037  
  35  1.61414E+00 1.61495E+00 0.00036  
  36  1.61761E+00 1.61503E+00 0.00036  
  37  1.61814E+00 1.61511E+00 0.00035  
  38  1.61624E+00 1.61514E+00 0.00034  
  39  1.61074E+00 1.61503E+00 0.00034  
  40  1.61989E+00 1.61515E+00 0.00034  
  41  1.62111E+00 1.61530E+00 0.00034  
  42  1.60965E+00 1.61516E+00 0.00034  
  43  1.61562E+00 1.61517E+00 0.00034  
  44  1.61089E+00 1.61507E+00 0.00033  
  45  1.61680E+00 1.61511E+00 0.00033  
  46  1.61255E+00 1.61506E+00 0.00032  
  47  1.61420E+00 1.61504E+00 0.00032  
  48  1.61275E+00 1.61499E+00 0.00031  
  49  1.61888E+00 1.61507E+00 0.00031  
  50  1.61166E+00 1.61500E+00 0.00030  
  51  1.61528E+00 1.61501E+00 0.00030  
  52  1.61230E+00 1.61496E+00 0.00029  
  53  1.61717E+00 1.61500E+00 0.00029  
  54  1.60834E+00 1.61487E+00 0.00029  
  55  1.61722E+00 1.61492E+00 0.00029  
  56  1.61612E+00 1.61494E+00 0.00029  
  57  1.61331E+00 1.61491E+00 0.00028  
  58  1.60982E+00 1.61482E+00 0.00028  
  59  1.61425E+00 1.61481E+00 0.00028  
  60  1.61734E+00 1.61485E+00 0.00027  
  61  1.61344E+00 1.61483E+00 0.00027  
  62  1.61544E+00 1.61484E+00 0.00026  
  63  1.61902E+00 1.61491E+00 0.00026  
  64  1.61326E+00 1.61488E+00 0.00026  
  65  1.61529E+00 1.61489E+00 0.00026  
  66  1.61708E+00 1.61492E+00 0.00025  
  67  1.62099E+00 1.61501E+00 0.00026  
  68  1.60974E+00 1.61493E+00 0.00026  
  69  1.61327E+00 1.61491E+00 0.00025  
  70  1.60889E+00 1.61482E+00 0.00026  
  71  1.61440E+00 1.61482E+00 0.00025  
  72  1.61670E+00 1.61484E+00 0.00025  
  73  1.61533E+00 1.61485E+00 0.00025  
  74  1.61971E+00 1.61492E+00 0.00025  
  75  1.60941E+00 1.61484E+00 0.00025  
  76  1.61318E+00 1.61482E+00 0.00024  
  77  1.62030E+00 1.61489E+00 0.00024  
  78  1.61891E+00 1.61494E+00 0.00024  
  79  1.61072E+00 1.61489E+00 0.00024  
  80  1.61018E+00 1.61483E+00 0.00024  
  81  1.60771E+00 1.61474E+00 0.00025  
  82  1.61347E+00 1.61473E+00 0.00024  
  83  1.61277E+00 1.61470E+00 0.00024  
  84  1.61109E+00 1.61466E+00 0.00024  
  85  1.61514E+00 1.61467E+00 0.00024  
  86  1.61486E+00 1.61467E+00 0.00023  
  87  1.61840E+00 1.61471E+00 0.00023  
  88  1.61423E+00 1.61471E+00 0.00023  
  89  1.61393E+00 1.61470E+00 0.00023  
  90  1.61551E+00 1.61471E+00 0.00022  
  91  1.61724E+00 1.61473E+00 0.00022  
  92  1.60969E+00 1.61468E+00 0.00022  
  93  1.61732E+00 1.61471E+00 0.00022  
  94  1.61853E+00 1.61475E+00 0.00022  
  95  1.60978E+00 1.61470E+00 0.00022  
  96  1.61323E+00 1.61468E+00 0.00022  
  97  1.61546E+00 1.61469E+00 0.00022  
  98  1.61163E+00 1.61466E+00 0.00021  
  99  1.61552E+00 1.61467E+00 0.00021  
];

