
DETEnergyDetector = [
    1    1    1    1    1    1    1    1    1    1  6.94831E-08 0.49256 
    2    2    1    1    1    1    1    1    1    1  3.59022E-08 0.70368 
    3    3    1    1    1    1    1    1    1    1  0.00000E+00 0.00000 
    4    4    1    1    1    1    1    1    1    1  3.69055E-08 0.70356 
    5    5    1    1    1    1    1    1    1    1  0.00000E+00 0.00000 
    6    6    1    1    1    1    1    1    1    1  5.76302E-08 0.57159 
    7    7    1    1    1    1    1    1    1    1  8.08025E-08 0.49239 
    8    8    1    1    1    1    1    1    1    1  1.03328E-07 0.52619 
    9    9    1    1    1    1    1    1    1    1  6.43698E-08 0.73704 
   10   10    1    1    1    1    1    1    1    1  1.67252E-07 0.43381 
   11   11    1    1    1    1    1    1    1    1  2.43489E-07 0.37113 
   12   12    1    1    1    1    1    1    1    1  1.91654E-07 0.38478 
   13   13    1    1    1    1    1    1    1    1  1.45112E-07 0.39791 
   14   14    1    1    1    1    1    1    1    1  2.24918E-07 0.31963 
   15   15    1    1    1    1    1    1    1    1  2.09053E-07 0.38463 
   16   16    1    1    1    1    1    1    1    1  3.46446E-07 0.28221 
   17   17    1    1    1    1    1    1    1    1  1.63935E-07 0.39790 
   18   18    1    1    1    1    1    1    1    1  4.86898E-07 0.24258 
   19   19    1    1    1    1    1    1    1    1  5.77960E-07 0.23694 
   20   20    1    1    1    1    1    1    1    1  6.17839E-07 0.21747 
   21   21    1    1    1    1    1    1    1    1  5.18481E-07 0.25237 
   22   22    1    1    1    1    1    1    1    1  1.16647E-06 0.16197 
   23   23    1    1    1    1    1    1    1    1  1.22853E-06 0.15766 
   24   24    1    1    1    1    1    1    1    1  1.05675E-06 0.15331 
   25   25    1    1    1    1    1    1    1    1  1.45037E-06 0.15247 
   26   26    1    1    1    1    1    1    1    1  9.33824E-07 0.20265 
   27   27    1    1    1    1    1    1    1    1  1.47146E-06 0.15542 
   28   28    1    1    1    1    1    1    1    1  1.66038E-06 0.14243 
   29   29    1    1    1    1    1    1    1    1  1.56045E-06 0.16627 
   30   30    1    1    1    1    1    1    1    1  1.90190E-06 0.14964 
   31   31    1    1    1    1    1    1    1    1  3.25192E-06 0.11100 
   32   32    1    1    1    1    1    1    1    1  2.00498E-06 0.13537 
   33   33    1    1    1    1    1    1    1    1  3.36583E-06 0.13299 
   34   34    1    1    1    1    1    1    1    1  2.73364E-06 0.11476 
   35   35    1    1    1    1    1    1    1    1  3.89036E-06 0.10588 
   36   36    1    1    1    1    1    1    1    1  4.29562E-06 0.09797 
   37   37    1    1    1    1    1    1    1    1  4.95484E-06 0.10132 
   38   38    1    1    1    1    1    1    1    1  5.71175E-06 0.09393 
   39   39    1    1    1    1    1    1    1    1  5.75924E-06 0.09468 
   40   40    1    1    1    1    1    1    1    1  6.94027E-06 0.08548 
   41   41    1    1    1    1    1    1    1    1  7.12482E-06 0.08016 
   42   42    1    1    1    1    1    1    1    1  9.19407E-06 0.08023 
   43   43    1    1    1    1    1    1    1    1  1.31239E-05 0.06314 
   44   44    1    1    1    1    1    1    1    1  1.21320E-05 0.07778 
   45   45    1    1    1    1    1    1    1    1  1.53212E-05 0.05994 
   46   46    1    1    1    1    1    1    1    1  2.25061E-05 0.10563 
   47   47    1    1    1    1    1    1    1    1  2.16801E-05 0.11342 
   48   48    1    1    1    1    1    1    1    1  2.15238E-05 0.05858 
   49   49    1    1    1    1    1    1    1    1  2.28505E-05 0.05793 
   50   50    1    1    1    1    1    1    1    1  2.88509E-05 0.09189 
   51   51    1    1    1    1    1    1    1    1  2.81729E-05 0.05067 
   52   52    1    1    1    1    1    1    1    1  3.40515E-05 0.05316 
   53   53    1    1    1    1    1    1    1    1  3.17356E-05 0.04405 
   54   54    1    1    1    1    1    1    1    1  3.60870E-05 0.04765 
   55   55    1    1    1    1    1    1    1    1  4.10663E-05 0.04405 
   56   56    1    1    1    1    1    1    1    1  4.61440E-05 0.03750 
   57   57    1    1    1    1    1    1    1    1  6.95728E-05 0.03425 
   58   58    1    1    1    1    1    1    1    1  6.82882E-05 0.03351 
   59   59    1    1    1    1    1    1    1    1  7.29483E-05 0.03945 
   60   60    1    1    1    1    1    1    1    1  8.10650E-05 0.02912 
   61   61    1    1    1    1    1    1    1    1  8.99588E-05 0.03303 
   62   62    1    1    1    1    1    1    1    1  1.06714E-04 0.04247 
   63   63    1    1    1    1    1    1    1    1  1.12617E-04 0.04613 
   64   64    1    1    1    1    1    1    1    1  1.24988E-04 0.03657 
   65   65    1    1    1    1    1    1    1    1  1.71039E-04 0.02958 
   66   66    1    1    1    1    1    1    1    1  1.82108E-04 0.02811 
   67   67    1    1    1    1    1    1    1    1  1.95232E-04 0.02186 
   68   68    1    1    1    1    1    1    1    1  2.11404E-04 0.02496 
   69   69    1    1    1    1    1    1    1    1  2.54925E-04 0.03049 
   70   70    1    1    1    1    1    1    1    1  2.78693E-04 0.02675 
   71   71    1    1    1    1    1    1    1    1  2.89231E-04 0.01668 
   72   72    1    1    1    1    1    1    1    1  3.89732E-04 0.02646 
   73   73    1    1    1    1    1    1    1    1  4.12140E-04 0.02046 
   74   74    1    1    1    1    1    1    1    1  4.38085E-04 0.01812 
   75   75    1    1    1    1    1    1    1    1  4.85154E-04 0.01801 
   76   76    1    1    1    1    1    1    1    1  5.68927E-04 0.01823 
   77   77    1    1    1    1    1    1    1    1  6.36566E-04 0.02060 
   78   78    1    1    1    1    1    1    1    1  7.51955E-04 0.01372 
   79   79    1    1    1    1    1    1    1    1  8.34445E-04 0.01512 
   80   80    1    1    1    1    1    1    1    1  9.17684E-04 0.01539 
   81   81    1    1    1    1    1    1    1    1  2.59451E-03 0.00955 
   82   82    1    1    1    1    1    1    1    1  2.07149E-03 0.01016 
   83   83    1    1    1    1    1    1    1    1  2.02566E-03 0.00951 
   84   84    1    1    1    1    1    1    1    1  2.20331E-03 0.01177 
   85   85    1    1    1    1    1    1    1    1  2.39570E-03 0.01051 
   86   86    1    1    1    1    1    1    1    1  2.60186E-03 0.00987 
   87   87    1    1    1    1    1    1    1    1  2.84415E-03 0.00891 
   88   88    1    1    1    1    1    1    1    1  3.29703E-03 0.00826 
   89   89    1    1    1    1    1    1    1    1  3.43352E-03 0.00838 
   90   90    1    1    1    1    1    1    1    1  3.74812E-03 0.00810 
   91   91    1    1    1    1    1    1    1    1  4.45250E-03 0.00699 
   92   92    1    1    1    1    1    1    1    1  3.60905E-03 0.00858 
   93   93    1    1    1    1    1    1    1    1  4.03435E-03 0.00946 
   94   94    1    1    1    1    1    1    1    1  4.42367E-03 0.00778 
   95   95    1    1    1    1    1    1    1    1  5.10974E-03 0.00751 
   96   96    1    1    1    1    1    1    1    1  5.67105E-03 0.00768 
   97   97    1    1    1    1    1    1    1    1  6.44727E-03 0.00678 
   98   98    1    1    1    1    1    1    1    1  7.12121E-03 0.00711 
   99   99    1    1    1    1    1    1    1    1  7.90989E-03 0.00655 
  100  100    1    1    1    1    1    1    1    1  8.93643E-03 0.00655 
  101  101    1    1    1    1    1    1    1    1  9.94698E-03 0.00593 
  102  102    1    1    1    1    1    1    1    1  1.34541E-02 0.00540 
  103  103    1    1    1    1    1    1    1    1  2.07873E-02 0.00448 
  104  104    1    1    1    1    1    1    1    1  1.89423E-02 0.00464 
  105  105    1    1    1    1    1    1    1    1  1.98967E-02 0.00417 
  106  106    1    1    1    1    1    1    1    1  2.14700E-02 0.00381 
  107  107    1    1    1    1    1    1    1    1  2.40392E-02 0.00459 
  108  108    1    1    1    1    1    1    1    1  2.68790E-02 0.00461 
  109  109    1    1    1    1    1    1    1    1  3.00365E-02 0.00365 
